38 -1 38 -1 #SUP: 3 #SID: 1 4 9
39 -1 39 -1 39 -1 39 -1 #SUP: 3 #SID: 1 4 9
37 -1 37 -1 37 -1 37 -1 #SUP: 3 #SID: 4 8 9
36 -1 36 -1 36 -1 36 -1 36 -1 #SUP: 5 #SID: 0 1 7 8 9
35 -1 35 -1 35 -1 35 -1 35 -1 #SUP: 6 #SID: 0 1 4 7 8 9
34 -1 34 -1 34 -1 34 -1 34 -1 #SUP: 4 #SID: 0 4 8 9
33 -1 33 -1 33 -1 33 -1 33 -1 #SUP: 6 #SID: 0 1 4 7 8 9
32 -1 32 -1 32 -1 32 -1 32 -1 #SUP: 5 #SID: 1 4 5 8 9
20 -1 34 -1 34 -1 34 -1 34 -1 #SUP: 3 #SID: 1 4 9
31 -1 31 -1 31 -1 31 -1 31 -1 #SUP: 7 #SID: 0 1 4 5 7 8 9
20 -1 33 -1 33 -1 33 -1 33 -1 #SUP: 3 #SID: 1 4 7
30 -1 30 -1 30 -1 30 -1 30 -1 #SUP: 7 #SID: 1 3 4 5 7 8 9
29 -1 29 -1 29 -1 29 -1 29 -1 #SUP: 8 #SID: 0 1 3 4 5 7 8 9
32 -1 32 -1 32 -1 32 -1 16 -1 #SUP: 3 #SID: 0 1 9
20 -1 20 -1 34 -1 34 -1 34 -1 #SUP: 3 #SID: 1 4 9
31 -1 31 -1 31 -1 31 -1 16 -1 #SUP: 3 #SID: 7 8 9
16 -1 31 -1 31 -1 31 -1 31 -1 #SUP: 3 #SID: 4 5 7
28 -1 28 -1 28 -1 28 -1 28 -1 #SUP: 9 #SID: 0 1 2 3 4 5 7 8 9
20 -1 20 -1 33 -1 33 -1 33 -1 #SUP: 3 #SID: 1 4 7
30 -1 30 -1 30 -1 30 -1 16 -1 #SUP: 3 #SID: 1 5 7
27 -1 27 -1 27 -1 27 -1 27 -1 #SUP: 8 #SID: 0 1 2 4 5 7 8 9
26 -1 27 -1 27 -1 27 -1 27 -1 #SUP: 3 #SID: 0 4 8
26 -1 26 -1 27 -1 27 -1 27 -1 #SUP: 3 #SID: 0 4 8
26 -1 26 -1 26 -1 27 -1 27 -1 #SUP: 3 #SID: 0 4 8
29 -1 29 -1 29 -1 29 -1 15 -1 #SUP: 4 #SID: 0 1 7 9
26 -1 26 -1 26 -1 26 -1 27 -1 #SUP: 3 #SID: 0 4 8
26 -1 26 -1 26 -1 26 -1 26 -1 #SUP: 9 #SID: 0 1 2 3 4 5 7 8 9
32 -1 32 -1 32 -1 16 -1 16 -1 #SUP: 3 #SID: 0 1 9
20 -1 20 -1 20 -1 34 -1 34 -1 #SUP: 3 #SID: 1 4 9
28 -1 28 -1 28 -1 28 -1 15 -1 #SUP: 4 #SID: 0 1 7 9
20 -1 20 -1 20 -1 33 -1 33 -1 #SUP: 3 #SID: 1 4 7
31 -1 31 -1 31 -1 16 -1 16 -1 #SUP: 3 #SID: 7 8 9
25 -1 25 -1 25 -1 25 -1 25 -1 #SUP: 9 #SID: 0 1 2 3 4 5 7 8 9
16 -1 16 -1 31 -1 31 -1 31 -1 #SUP: 3 #SID: 4 5 7
16 -1 27 -1 27 -1 27 -1 27 -1 #SUP: 3 #SID: 4 5 8
27 -1 27 -1 27 -1 27 -1 15 -1 #SUP: 3 #SID: 2 7 9
15 -1 27 -1 27 -1 27 -1 27 -1 #SUP: 3 #SID: 2 7 9
30 -1 30 -1 30 -1 16 -1 16 -1 #SUP: 3 #SID: 1 5 7
27 -1 27 -1 27 -1 27 -1 14 -1 #SUP: 3 #SID: 0 4 5
24 -1 24 -1 24 -1 24 -1 24 -1 #SUP: 10 #SID: 0 1 2 3 4 5 6 7 8 9
8 -1 28 -1 28 -1 28 -1 28 -1 #SUP: 3 #SID: 4 5 9
26 -1 26 -1 26 -1 26 -1 14 -1 #SUP: 5 #SID: 0 1 5 7 8
14 -1 26 -1 26 -1 26 -1 26 -1 #SUP: 4 #SID: 0 4 5 8
14 -1 14 -1 30 -1 30 -1 30 -1 #SUP: 3 #SID: 5 8 9
29 -1 29 -1 29 -1 15 -1 15 -1 #SUP: 4 #SID: 0 1 7 9
23 -1 23 -1 23 -1 23 -1 23 -1 #SUP: 10 #SID: 0 1 2 3 4 5 6 7 8 9
25 -1 25 -1 25 -1 25 -1 15 -1 #SUP: 3 #SID: 1 2 8
20 -1 20 -1 20 -1 20 -1 34 -1 #SUP: 3 #SID: 1 4 9
28 -1 28 -1 28 -1 15 -1 15 -1 #SUP: 4 #SID: 0 1 7 9
17 -1 24 -1 24 -1 24 -1 24 -1 #SUP: 4 #SID: 0 4 8 9
16 -1 16 -1 27 -1 27 -1 27 -1 #SUP: 3 #SID: 4 5 8
24 -1 24 -1 24 -1 24 -1 17 -1 #SUP: 3 #SID: 1 8 9
32 -1 32 -1 16 -1 16 -1 16 -1 #SUP: 3 #SID: 0 1 9
15 -1 15 -1 27 -1 27 -1 27 -1 #SUP: 3 #SID: 2 7 9
27 -1 27 -1 27 -1 15 -1 15 -1 #SUP: 3 #SID: 2 7 9
14 -1 24 -1 24 -1 24 -1 24 -1 #SUP: 5 #SID: 4 5 6 8 9
22 -1 22 -1 22 -1 22 -1 22 -1 #SUP: 10 #SID: 0 1 2 3 4 5 6 7 8 9
16 -1 16 -1 16 -1 31 -1 31 -1 #SUP: 3 #SID: 4 5 7
31 -1 31 -1 16 -1 16 -1 16 -1 #SUP: 3 #SID: 7 8 9
24 -1 24 -1 24 -1 24 -1 13 -1 #SUP: 5 #SID: 1 4 5 8 9
27 -1 27 -1 27 -1 14 -1 14 -1 #SUP: 3 #SID: 0 4 5
30 -1 30 -1 16 -1 16 -1 16 -1 #SUP: 3 #SID: 1 5 7
26 -1 26 -1 26 -1 26 -1 3 -1 #SUP: 3 #SID: 0 5 9
11 -1 24 -1 24 -1 24 -1 24 -1 #SUP: 3 #SID: 2 3 4
3 -1 26 -1 26 -1 26 -1 26 -1 #SUP: 5 #SID: 0 4 5 8 9
17 -1 17 -1 24 -1 24 -1 24 -1 #SUP: 4 #SID: 0 4 8 9
24 -1 24 -1 24 -1 17 -1 17 -1 #SUP: 3 #SID: 1 8 9
26 -1 26 -1 26 -1 14 -1 14 -1 #SUP: 5 #SID: 0 1 5 7 8
11 -1 11 -1 28 -1 28 -1 28 -1 #SUP: 3 #SID: 0 4 5
14 -1 14 -1 26 -1 26 -1 26 -1 #SUP: 4 #SID: 0 4 5 8
25 -1 25 -1 25 -1 25 -1 5 -1 #SUP: 3 #SID: 5 7 9
25 -1 25 -1 25 -1 15 -1 15 -1 #SUP: 3 #SID: 1 2 8
21 -1 21 -1 21 -1 21 -1 21 -1 #SUP: 9 #SID: 0 1 3 4 5 6 7 8 9
24 -1 24 -1 24 -1 24 -1 8 -1 #SUP: 3 #SID: 4 5 7
23 -1 23 -1 23 -1 23 -1 12 -1 #SUP: 6 #SID: 0 1 4 5 8 9
29 -1 29 -1 15 -1 15 -1 15 -1 #SUP: 4 #SID: 0 1 7 9
3 -1 25 -1 25 -1 25 -1 25 -1 #SUP: 6 #SID: 0 1 5 7 8 9
16 -1 16 -1 16 -1 27 -1 27 -1 #SUP: 3 #SID: 4 5 8
14 -1 14 -1 14 -1 30 -1 30 -1 #SUP: 3 #SID: 5 8 9
6 -1 24 -1 24 -1 24 -1 24 -1 #SUP: 5 #SID: 1 4 5 8 9
5 -1 24 -1 24 -1 24 -1 24 -1 #SUP: 3 #SID: 0 5 9
24 -1 24 -1 24 -1 24 -1 5 -1 #SUP: 7 #SID: 0 4 5 6 7 8 9
28 -1 28 -1 15 -1 15 -1 15 -1 #SUP: 4 #SID: 0 1 7 9
21 -1 21 -1 21 -1 21 -1 16 -1 #SUP: 7 #SID: 0 1 4 5 7 8 9
12 -1 22 -1 22 -1 22 -1 22 -1 #SUP: 8 #SID: 0 1 2 4 5 6 8 9
8 -1 8 -1 28 -1 28 -1 28 -1 #SUP: 3 #SID: 4 5 9
22 -1 22 -1 22 -1 22 -1 12 -1 #SUP: 6 #SID: 0 1 4 5 8 9
16 -1 21 -1 21 -1 21 -1 21 -1 #SUP: 5 #SID: 0 1 4 7 9
14 -1 14 -1 24 -1 24 -1 24 -1 #SUP: 5 #SID: 4 5 6 8 9
20 -1 20 -1 20 -1 20 -1 20 -1 #SUP: 9 #SID: 0 1 2 3 4 5 7 8 9
17 -1 17 -1 17 -1 24 -1 24 -1 #SUP: 4 #SID: 0 4 8 9
19 -1 20 -1 20 -1 20 -1 20 -1 #SUP: 5 #SID: 1 3 4 6 9
15 -1 21 -1 21 -1 21 -1 21 -1 #SUP: 3 #SID: 1 5 9
22 -1 22 -1 22 -1 22 -1 11 -1 #SUP: 3 #SID: 2 5 9
27 -1 27 -1 15 -1 15 -1 15 -1 #SUP: 3 #SID: 2 7 9
11 -1 22 -1 22 -1 22 -1 22 -1 #SUP: 7 #SID: 0 1 2 4 5 8 9
24 -1 24 -1 17 -1 17 -1 17 -1 #SUP: 3 #SID: 1 8 9
24 -1 24 -1 24 -1 24 -1 3 -1 #SUP: 3 #SID: 4 5 6
15 -1 15 -1 15 -1 27 -1 27 -1 #SUP: 3 #SID: 2 7 9
23 -1 23 -1 23 -1 23 -1 6 -1 #SUP: 3 #SID: 1 3 6
24 -1 24 -1 24 -1 13 -1 13 -1 #SUP: 5 #SID: 1 4 5 8 9
14 -1 21 -1 21 -1 21 -1 21 -1 #SUP: 3 #SID: 1 5 9
21 -1 21 -1 21 -1 21 -1 14 -1 #SUP: 5 #SID: 0 1 3 7 9
19 -1 19 -1 20 -1 20 -1 20 -1 #SUP: 7 #SID: 1 2 3 4 6 7 9
6 -1 23 -1 23 -1 23 -1 23 -1 #SUP: 5 #SID: 0 1 4 8 9
18 -1 20 -1 20 -1 20 -1 20 -1 #SUP: 4 #SID: 1 5 7 9
24 -1 24 -1 24 -1 24 -1 1 -1 #SUP: 5 #SID: 0 4 5 8 9
19 -1 19 -1 19 -1 20 -1 20 -1 #SUP: 7 #SID: 1 2 3 4 6 7 9
0 -1 24 -1 24 -1 24 -1 24 -1 #SUP: 3 #SID: 1 2 8
18 -1 18 -1 20 -1 20 -1 20 -1 #SUP: 5 #SID: 1 3 5 7 9
16 -1 20 -1 20 -1 20 -1 20 -1 #SUP: 8 #SID: 0 1 2 4 5 7 8 9
27 -1 27 -1 14 -1 14 -1 14 -1 #SUP: 3 #SID: 0 4 5
19 -1 19 -1 19 -1 19 -1 20 -1 #SUP: 7 #SID: 1 2 3 4 6 7 9
23 -1 23 -1 23 -1 23 -1 4 -1 #SUP: 4 #SID: 1 4 8 9
4 -1 23 -1 23 -1 23 -1 23 -1 #SUP: 8 #SID: 0 1 3 4 5 6 8 9
21 -1 21 -1 18 -1 18 -1 18 -1 #SUP: 3 #SID: 4 8 9
20 -1 20 -1 20 -1 20 -1 16 -1 #SUP: 9 #SID: 0 1 2 4 5 6 7 8 9
32 -1 16 -1 16 -1 16 -1 16 -1 #SUP: 3 #SID: 0 1 9
31 -1 16 -1 16 -1 16 -1 16 -1 #SUP: 3 #SID: 7 8 9
16 -1 16 -1 16 -1 16 -1 31 -1 #SUP: 3 #SID: 4 5 7
16 -1 16 -1 21 -1 21 -1 21 -1 #SUP: 8 #SID: 0 1 2 4 5 7 8 9
16 -1 21 -1 21 -1 21 -1 16 -1 #SUP: 3 #SID: 1 4 9
25 -1 25 -1 15 -1 15 -1 15 -1 #SUP: 3 #SID: 1 2 8
21 -1 21 -1 21 -1 16 -1 16 -1 #SUP: 7 #SID: 0 1 4 5 7 8 9
20 -1 20 -1 20 -1 20 -1 15 -1 #SUP: 7 #SID: 0 1 4 5 7 8 9
19 -1 19 -1 19 -1 19 -1 19 -1 #SUP: 10 #SID: 0 1 2 3 4 5 6 7 8 9
3 -1 23 -1 23 -1 23 -1 23 -1 #SUP: 3 #SID: 3 6 8
15 -1 20 -1 20 -1 20 -1 20 -1 #SUP: 8 #SID: 0 1 3 4 5 7 8 9
23 -1 23 -1 23 -1 23 -1 2 -1 #SUP: 8 #SID: 0 1 2 3 4 5 8 9
6 -1 22 -1 22 -1 22 -1 22 -1 #SUP: 3 #SID: 3 6 7
26 -1 26 -1 14 -1 14 -1 14 -1 #SUP: 5 #SID: 0 1 5 7 8
22 -1 22 -1 22 -1 22 -1 6 -1 #SUP: 3 #SID: 1 4 8
18 -1 18 -1 18 -1 20 -1 20 -1 #SUP: 5 #SID: 1 3 5 7 9
14 -1 14 -1 14 -1 26 -1 26 -1 #SUP: 4 #SID: 0 4 5 8
19 -1 19 -1 19 -1 19 -1 18 -1 #SUP: 7 #SID: 0 1 2 4 5 8 9
30 -1 16 -1 16 -1 16 -1 16 -1 #SUP: 3 #SID: 1 5 7
20 -1 20 -1 20 -1 20 -1 14 -1 #SUP: 8 #SID: 0 1 2 4 5 7 8 9
11 -1 11 -1 24 -1 24 -1 24 -1 #SUP: 3 #SID: 2 3 4
14 -1 20 -1 20 -1 20 -1 20 -1 #SUP: 6 #SID: 1 3 4 5 8 9
18 -1 19 -1 19 -1 19 -1 19 -1 #SUP: 3 #SID: 0 1 2
1 -1 23 -1 23 -1 23 -1 23 -1 #SUP: 6 #SID: 0 1 4 5 6 9
23 -1 23 -1 23 -1 12 -1 12 -1 #SUP: 6 #SID: 0 1 4 5 8 9
19 -1 19 -1 19 -1 18 -1 18 -1 #SUP: 7 #SID: 0 1 2 4 5 8 9
16 -1 21 -1 21 -1 21 -1 14 -1 #SUP: 3 #SID: 0 2 9
18 -1 18 -1 19 -1 19 -1 19 -1 #SUP: 3 #SID: 0 1 2
15 -1 15 -1 21 -1 21 -1 21 -1 #SUP: 4 #SID: 1 5 8 9
20 -1 20 -1 20 -1 16 -1 16 -1 #SUP: 10 #SID: 0 1 2 3 4 5 6 7 8 9
24 -1 17 -1 17 -1 17 -1 17 -1 #SUP: 3 #SID: 1 8 9
19 -1 19 -1 19 -1 19 -1 16 -1 #SUP: 6 #SID: 0 1 2 4 5 9
12 -1 20 -1 20 -1 20 -1 20 -1 #SUP: 4 #SID: 1 4 5 9
22 -1 22 -1 22 -1 22 -1 4 -1 #SUP: 9 #SID: 0 1 2 3 4 5 7 8 9
18 -1 18 -1 18 -1 18 -1 20 -1 #SUP: 5 #SID: 1 3 5 7 9
19 -1 19 -1 18 -1 18 -1 18 -1 #SUP: 7 #SID: 0 1 2 4 5 8 9
16 -1 16 -1 20 -1 20 -1 20 -1 #SUP: 9 #SID: 0 1 2 3 4 5 7 8 9
18 -1 18 -1 18 -1 19 -1 19 -1 #SUP: 3 #SID: 0 1 2
17 -1 17 -1 17 -1 17 -1 24 -1 #SUP: 4 #SID: 0 4 8 9
20 -1 20 -1 20 -1 20 -1 12 -1 #SUP: 3 #SID: 4 5 8
0 -1 23 -1 23 -1 23 -1 23 -1 #SUP: 7 #SID: 0 1 3 4 5 8 9
16 -1 19 -1 19 -1 19 -1 19 -1 #SUP: 6 #SID: 1 2 3 4 5 9
21 -1 21 -1 21 -1 14 -1 14 -1 #SUP: 6 #SID: 0 1 2 3 7 9
18 -1 18 -1 18 -1 18 -1 19 -1 #SUP: 3 #SID: 0 1 2
16 -1 16 -1 16 -1 16 -1 27 -1 #SUP: 3 #SID: 4 5 8
11 -1 20 -1 20 -1 20 -1 20 -1 #SUP: 7 #SID: 0 2 4 5 7 8 9
19 -1 18 -1 18 -1 18 -1 18 -1 #SUP: 7 #SID: 0 1 2 4 5 8 9
14 -1 14 -1 21 -1 21 -1 21 -1 #SUP: 4 #SID: 0 1 5 9
15 -1 15 -1 20 -1 20 -1 20 -1 #SUP: 8 #SID: 0 1 3 4 5 7 8 9
19 -1 19 -1 19 -1 19 -1 14 -1 #SUP: 10 #SID: 0 1 2 3 4 5 6 7 8 9
22 -1 22 -1 22 -1 12 -1 12 -1 #SUP: 6 #SID: 0 1 4 5 8 9
14 -1 19 -1 19 -1 19 -1 19 -1 #SUP: 10 #SID: 0 1 2 3 4 5 6 7 8 9
20 -1 20 -1 20 -1 15 -1 15 -1 #SUP: 7 #SID: 0 1 4 5 7 8 9
18 -1 18 -1 18 -1 18 -1 18 -1 #SUP: 10 #SID: 0 1 2 3 4 5 6 7 8 9
12 -1 12 -1 22 -1 22 -1 22 -1 #SUP: 8 #SID: 0 1 2 4 5 6 8 9
21 -1 21 -1 16 -1 16 -1 16 -1 #SUP: 7 #SID: 0 1 4 5 7 8 9
14 -1 14 -1 14 -1 24 -1 24 -1 #SUP: 5 #SID: 4 5 6 8 9
16 -1 20 -1 20 -1 20 -1 14 -1 #SUP: 5 #SID: 1 3 4 5 9
16 -1 16 -1 16 -1 21 -1 21 -1 #SUP: 8 #SID: 0 1 2 4 5 7 8 9
22 -1 22 -1 22 -1 22 -1 1 -1 #SUP: 3 #SID: 1 4 6
19 -1 19 -1 19 -1 16 -1 16 -1 #SUP: 6 #SID: 0 1 2 4 5 9
11 -1 11 -1 11 -1 28 -1 28 -1 #SUP: 3 #SID: 0 4 5
29 -1 15 -1 15 -1 15 -1 15 -1 #SUP: 4 #SID: 0 1 7 9
20 -1 20 -1 20 -1 20 -1 9 -1 #SUP: 5 #SID: 0 3 4 5 8
16 -1 16 -1 19 -1 19 -1 19 -1 #SUP: 7 #SID: 0 1 2 3 4 5 9
16 -1 16 -1 16 -1 20 -1 20 -1 #SUP: 10 #SID: 0 1 2 3 4 5 6 7 8 9
14 -1 14 -1 20 -1 20 -1 20 -1 #SUP: 6 #SID: 1 3 4 5 8 9
12 -1 19 -1 19 -1 19 -1 19 -1 #SUP: 3 #SID: 3 4 5
16 -1 18 -1 18 -1 18 -1 18 -1 #SUP: 7 #SID: 1 2 4 5 7 8 9
24 -1 24 -1 24 -1 8 -1 8 -1 #SUP: 3 #SID: 4 5 7
18 -1 18 -1 18 -1 18 -1 16 -1 #SUP: 6 #SID: 1 4 5 7 8 9
22 -1 22 -1 22 -1 11 -1 11 -1 #SUP: 3 #SID: 2 5 9
20 -1 20 -1 20 -1 14 -1 14 -1 #SUP: 9 #SID: 0 1 2 3 4 5 7 8 9
28 -1 15 -1 15 -1 15 -1 15 -1 #SUP: 4 #SID: 0 1 7 9
20 -1 20 -1 16 -1 16 -1 16 -1 #SUP: 10 #SID: 0 1 2 3 4 5 6 7 8 9
11 -1 11 -1 22 -1 22 -1 22 -1 #SUP: 7 #SID: 0 1 2 4 5 8 9
15 -1 18 -1 18 -1 18 -1 18 -1 #SUP: 9 #SID: 0 1 2 3 4 5 7 8 9
18 -1 18 -1 18 -1 18 -1 15 -1 #SUP: 10 #SID: 0 1 2 3 4 5 6 7 8 9
24 -1 24 -1 13 -1 13 -1 13 -1 #SUP: 5 #SID: 1 4 5 8 9
15 -1 15 -1 15 -1 21 -1 21 -1 #SUP: 5 #SID: 1 2 5 8 9
15 -1 15 -1 15 -1 15 -1 27 -1 #SUP: 3 #SID: 2 7 9
27 -1 15 -1 15 -1 15 -1 15 -1 #SUP: 3 #SID: 2 7 9
18 -1 18 -1 18 -1 16 -1 16 -1 #SUP: 7 #SID: 1 4 5 6 7 8 9
16 -1 16 -1 18 -1 18 -1 18 -1 #SUP: 7 #SID: 1 2 4 5 7 8 9
18 -1 18 -1 18 -1 18 -1 14 -1 #SUP: 6 #SID: 2 4 5 7 8 9
20 -1 20 -1 20 -1 20 -1 6 -1 #SUP: 6 #SID: 1 3 4 7 8 9
16 -1 16 -1 16 -1 19 -1 19 -1 #SUP: 7 #SID: 0 1 2 3 4 5 9
19 -1 19 -1 16 -1 16 -1 16 -1 #SUP: 6 #SID: 0 1 2 4 5 9
25 -1 15 -1 15 -1 15 -1 15 -1 #SUP: 3 #SID: 1 2 8
14 -1 14 -1 19 -1 19 -1 19 -1 #SUP: 10 #SID: 0 1 2 3 4 5 6 7 8 9
25 -1 25 -1 25 -1 5 -1 5 -1 #SUP: 3 #SID: 5 7 9
21 -1 16 -1 16 -1 16 -1 16 -1 #SUP: 7 #SID: 0 1 4 5 7 8 9
15 -1 15 -1 15 -1 20 -1 20 -1 #SUP: 8 #SID: 0 1 3 4 5 7 8 9
19 -1 19 -1 19 -1 14 -1 14 -1 #SUP: 10 #SID: 0 1 2 3 4 5 6 7 8 9
20 -1 20 -1 15 -1 15 -1 15 -1 #SUP: 7 #SID: 0 1 4 5 7 8 9
16 -1 16 -1 16 -1 16 -1 21 -1 #SUP: 8 #SID: 0 1 2 4 5 7 8 9
17 -1 17 -1 17 -1 17 -1 17 -1 #SUP: 10 #SID: 0 1 2 3 4 5 6 7 8 9
14 -1 14 -1 14 -1 21 -1 21 -1 #SUP: 4 #SID: 0 1 5 9
19 -1 19 -1 19 -1 19 -1 8 -1 #SUP: 8 #SID: 0 3 4 5 6 7 8 9
12 -1 12 -1 20 -1 20 -1 20 -1 #SUP: 4 #SID: 1 4 5 9
8 -1 19 -1 19 -1 19 -1 19 -1 #SUP: 9 #SID: 0 1 2 3 4 5 7 8 9
3 -1 3 -1 26 -1 26 -1 26 -1 #SUP: 5 #SID: 0 4 5 8 9
18 -1 18 -1 16 -1 16 -1 16 -1 #SUP: 7 #SID: 1 4 5 6 7 8 9
26 -1 26 -1 26 -1 3 -1 3 -1 #SUP: 3 #SID: 0 5 9
18 -1 18 -1 18 -1 15 -1 15 -1 #SUP: 10 #SID: 0 1 2 3 4 5 6 7 8 9
16 -1 16 -1 16 -1 16 -1 20 -1 #SUP: 10 #SID: 0 1 2 3 4 5 6 7 8 9
16 -1 16 -1 16 -1 18 -1 18 -1 #SUP: 7 #SID: 1 2 4 5 7 8 9
21 -1 21 -1 14 -1 14 -1 14 -1 #SUP: 7 #SID: 0 1 2 3 7 8 9
15 -1 15 -1 18 -1 18 -1 18 -1 #SUP: 9 #SID: 0 1 2 3 4 5 7 8 9
20 -1 16 -1 16 -1 16 -1 16 -1 #SUP: 10 #SID: 0 1 2 3 4 5 6 7 8 9
20 -1 20 -1 20 -1 12 -1 12 -1 #SUP: 3 #SID: 4 5 8
6 -1 6 -1 24 -1 24 -1 24 -1 #SUP: 5 #SID: 1 4 5 8 9
16 -1 16 -1 16 -1 16 -1 19 -1 #SUP: 7 #SID: 0 1 2 3 4 5 9
27 -1 14 -1 14 -1 14 -1 14 -1 #SUP: 3 #SID: 0 4 5
19 -1 16 -1 16 -1 16 -1 16 -1 #SUP: 7 #SID: 0 1 2 3 4 5 9
14 -1 17 -1 17 -1 17 -1 17 -1 #SUP: 3 #SID: 0 4 5
18 -1 18 -1 18 -1 14 -1 14 -1 #SUP: 6 #SID: 2 4 5 7 8 9
14 -1 14 -1 14 -1 20 -1 20 -1 #SUP: 5 #SID: 1 4 5 8 9
20 -1 20 -1 14 -1 14 -1 14 -1 #SUP: 9 #SID: 0 1 2 3 4 5 7 8 9
14 -1 14 -1 14 -1 14 -1 26 -1 #SUP: 4 #SID: 0 4 5 8
23 -1 23 -1 12 -1 12 -1 12 -1 #SUP: 5 #SID: 0 1 4 5 8
11 -1 11 -1 20 -1 20 -1 20 -1 #SUP: 7 #SID: 0 2 4 5 7 8 9
5 -1 5 -1 24 -1 24 -1 24 -1 #SUP: 3 #SID: 0 5 9
16 -1 16 -1 16 -1 16 -1 18 -1 #SUP: 7 #SID: 1 2 4 5 7 8 9
18 -1 16 -1 16 -1 16 -1 16 -1 #SUP: 7 #SID: 1 4 5 6 7 8 9
24 -1 24 -1 24 -1 5 -1 5 -1 #SUP: 7 #SID: 0 4 5 6 7 8 9
12 -1 22 -1 22 -1 22 -1 4 -1 #SUP: 3 #SID: 4 5 8
26 -1 14 -1 14 -1 14 -1 14 -1 #SUP: 5 #SID: 0 1 5 7 8
13 -1 17 -1 17 -1 17 -1 17 -1 #SUP: 7 #SID: 0 2 4 5 6 8 9
23 -1 23 -1 23 -1 6 -1 6 -1 #SUP: 3 #SID: 1 3 6
6 -1 6 -1 23 -1 23 -1 23 -1 #SUP: 5 #SID: 0 1 4 8 9
1 -1 20 -1 20 -1 20 -1 20 -1 #SUP: 3 #SID: 5 8 9
12 -1 12 -1 19 -1 19 -1 19 -1 #SUP: 3 #SID: 3 4 5
3 -1 3 -1 25 -1 25 -1 25 -1 #SUP: 6 #SID: 0 1 5 7 8 9
15 -1 15 -1 15 -1 18 -1 18 -1 #SUP: 9 #SID: 0 1 2 3 4 5 7 8 9
15 -1 15 -1 15 -1 15 -1 21 -1 #SUP: 5 #SID: 1 2 5 8 9
18 -1 18 -1 15 -1 15 -1 15 -1 #SUP: 10 #SID: 0 1 2 3 4 5 6 7 8 9
11 -1 11 -1 11 -1 24 -1 24 -1 #SUP: 3 #SID: 2 3 4
12 -1 12 -1 12 -1 22 -1 22 -1 #SUP: 8 #SID: 0 1 2 4 5 6 8 9
15 -1 15 -1 15 -1 15 -1 20 -1 #SUP: 8 #SID: 0 1 3 4 5 7 8 9
16 -1 16 -1 16 -1 16 -1 16 -1 #SUP: 10 #SID: 0 1 2 3 4 5 6 7 8 9
17 -1 17 -1 17 -1 17 -1 12 -1 #SUP: 7 #SID: 0 1 5 6 7 8 9
14 -1 14 -1 14 -1 14 -1 24 -1 #SUP: 4 #SID: 4 5 8 9
14 -1 14 -1 14 -1 19 -1 19 -1 #SUP: 10 #SID: 0 1 2 3 4 5 6 7 8 9
18 -1 18 -1 18 -1 18 -1 8 -1 #SUP: 8 #SID: 0 1 2 4 5 7 8 9
19 -1 19 -1 14 -1 14 -1 14 -1 #SUP: 9 #SID: 0 1 2 4 5 6 7 8 9
12 -1 17 -1 17 -1 17 -1 17 -1 #SUP: 3 #SID: 5 8 9
22 -1 22 -1 12 -1 12 -1 12 -1 #SUP: 5 #SID: 0 1 4 5 9
20 -1 15 -1 15 -1 15 -1 15 -1 #SUP: 7 #SID: 0 1 4 5 7 8 9
8 -1 8 -1 8 -1 28 -1 28 -1 #SUP: 3 #SID: 4 5 9
18 -1 18 -1 18 -1 18 -1 7 -1 #SUP: 5 #SID: 0 3 4 7 8
16 -1 16 -1 16 -1 16 -1 15 -1 #SUP: 7 #SID: 0 1 4 6 7 8 9
14 -1 14 -1 17 -1 17 -1 17 -1 #SUP: 3 #SID: 0 4 5
11 -1 17 -1 17 -1 17 -1 17 -1 #SUP: 8 #SID: 0 1 3 4 5 6 8 9
19 -1 19 -1 19 -1 19 -1 3 -1 #SUP: 7 #SID: 0 1 2 4 5 7 9
17 -1 17 -1 17 -1 17 -1 11 -1 #SUP: 7 #SID: 0 2 4 5 6 8 9
3 -1 19 -1 19 -1 19 -1 19 -1 #SUP: 10 #SID: 0 1 2 3 4 5 6 7 8 9
15 -1 16 -1 16 -1 16 -1 16 -1 #SUP: 7 #SID: 0 1 4 5 7 8 9
16 -1 16 -1 16 -1 16 -1 14 -1 #SUP: 4 #SID: 0 1 4 7
24 -1 24 -1 24 -1 3 -1 3 -1 #SUP: 3 #SID: 4 5 6
6 -1 6 -1 22 -1 22 -1 22 -1 #SUP: 3 #SID: 3 6 7
18 -1 15 -1 15 -1 15 -1 15 -1 #SUP: 10 #SID: 0 1 2 3 4 5 6 7 8 9
20 -1 20 -1 20 -1 9 -1 9 -1 #SUP: 5 #SID: 0 3 4 5 8
18 -1 18 -1 14 -1 14 -1 14 -1 #SUP: 6 #SID: 2 4 5 7 8 9
15 -1 15 -1 16 -1 16 -1 16 -1 #SUP: 7 #SID: 0 1 4 5 7 8 9
19 -1 19 -1 19 -1 19 -1 2 -1 #SUP: 9 #SID: 0 1 2 3 4 5 7 8 9
22 -1 22 -1 22 -1 6 -1 6 -1 #SUP: 3 #SID: 1 4 8
10 -1 17 -1 17 -1 17 -1 17 -1 #SUP: 3 #SID: 0 1 8
6 -1 18 -1 18 -1 18 -1 18 -1 #SUP: 7 #SID: 0 1 4 5 6 8 9
16 -1 16 -1 16 -1 15 -1 15 -1 #SUP: 7 #SID: 0 1 4 6 7 8 9
2 -1 19 -1 19 -1 19 -1 19 -1 #SUP: 8 #SID: 1 2 4 5 6 7 8 9
15 -1 15 -1 15 -1 15 -1 18 -1 #SUP: 9 #SID: 0 1 2 3 4 5 7 8 9
9 -1 17 -1 17 -1 17 -1 17 -1 #SUP: 3 #SID: 0 6 8
13 -1 13 -1 17 -1 17 -1 17 -1 #SUP: 7 #SID: 0 2 4 5 6 8 9
4 -1 4 -1 23 -1 23 -1 23 -1 #SUP: 8 #SID: 0 1 3 4 5 6 8 9
14 -1 14 -1 14 -1 14 -1 21 -1 #SUP: 4 #SID: 0 1 5 9
23 -1 23 -1 23 -1 4 -1 4 -1 #SUP: 4 #SID: 1 4 8 9
11 -1 11 -1 11 -1 22 -1 22 -1 #SUP: 7 #SID: 0 1 2 4 5 8 9
21 -1 14 -1 14 -1 14 -1 14 -1 #SUP: 5 #SID: 0 1 7 8 9
16 -1 16 -1 15 -1 15 -1 15 -1 #SUP: 7 #SID: 0 1 4 6 7 8 9
15 -1 15 -1 15 -1 16 -1 16 -1 #SUP: 7 #SID: 0 1 4 5 7 8 9
22 -1 22 -1 11 -1 11 -1 11 -1 #SUP: 3 #SID: 2 5 9
17 -1 17 -1 17 -1 17 -1 9 -1 #SUP: 10 #SID: 0 1 2 3 4 5 6 7 8 9
16 -1 16 -1 16 -1 14 -1 14 -1 #SUP: 4 #SID: 0 1 4 7
14 -1 14 -1 16 -1 16 -1 16 -1 #SUP: 3 #SID: 1 4 8
0 -1 19 -1 19 -1 19 -1 19 -1 #SUP: 4 #SID: 2 3 4 5
14 -1 14 -1 14 -1 14 -1 20 -1 #SUP: 5 #SID: 1 4 5 8 9
8 -1 17 -1 17 -1 17 -1 17 -1 #SUP: 8 #SID: 0 3 4 5 6 7 8 9
20 -1 14 -1 14 -1 14 -1 14 -1 #SUP: 9 #SID: 0 1 2 3 4 5 7 8 9
15 -1 15 -1 15 -1 15 -1 16 -1 #SUP: 7 #SID: 0 1 4 5 7 8 9
24 -1 13 -1 13 -1 13 -1 13 -1 #SUP: 5 #SID: 1 4 5 8 9
20 -1 20 -1 12 -1 12 -1 12 -1 #SUP: 3 #SID: 4 5 8
16 -1 15 -1 15 -1 15 -1 15 -1 #SUP: 7 #SID: 0 1 4 6 7 8 9
12 -1 12 -1 12 -1 20 -1 20 -1 #SUP: 4 #SID: 1 4 5 9
18 -1 18 -1 18 -1 18 -1 4 -1 #SUP: 6 #SID: 0 1 6 7 8 9
14 -1 14 -1 14 -1 17 -1 17 -1 #SUP: 3 #SID: 0 4 5
17 -1 17 -1 17 -1 17 -1 8 -1 #SUP: 4 #SID: 3 5 8 9
3 -1 3 -1 23 -1 23 -1 23 -1 #SUP: 3 #SID: 3 6 8
18 -1 18 -1 18 -1 18 -1 3 -1 #SUP: 7 #SID: 0 2 3 4 7 8 9
14 -1 14 -1 14 -1 14 -1 19 -1 #SUP: 10 #SID: 0 1 2 3 4 5 6 7 8 9
17 -1 17 -1 17 -1 12 -1 12 -1 #SUP: 7 #SID: 0 1 5 6 7 8 9
19 -1 14 -1 14 -1 14 -1 14 -1 #SUP: 9 #SID: 0 1 2 4 5 6 7 8 9
15 -1 15 -1 15 -1 15 -1 15 -1 #SUP: 10 #SID: 0 1 2 3 4 5 6 7 8 9
3 -1 18 -1 18 -1 18 -1 18 -1 #SUP: 10 #SID: 0 1 2 3 4 5 6 7 8 9
12 -1 12 -1 17 -1 17 -1 17 -1 #SUP: 3 #SID: 5 8 9
24 -1 24 -1 24 -1 1 -1 1 -1 #SUP: 5 #SID: 0 4 5 8 9
16 -1 16 -1 14 -1 14 -1 14 -1 #SUP: 4 #SID: 0 1 4 7
14 -1 15 -1 15 -1 15 -1 15 -1 #SUP: 10 #SID: 0 1 2 3 4 5 6 7 8 9
22 -1 22 -1 22 -1 4 -1 4 -1 #SUP: 9 #SID: 0 1 2 3 4 5 7 8 9
18 -1 14 -1 14 -1 14 -1 14 -1 #SUP: 6 #SID: 2 4 5 7 8 9
12 -1 12 -1 12 -1 19 -1 19 -1 #SUP: 3 #SID: 3 4 5
15 -1 15 -1 15 -1 15 -1 14 -1 #SUP: 9 #SID: 0 1 2 4 5 6 7 8 9
14 -1 14 -1 14 -1 16 -1 16 -1 #SUP: 3 #SID: 1 4 8
14 -1 14 -1 15 -1 15 -1 15 -1 #SUP: 10 #SID: 0 1 2 3 4 5 6 7 8 9
11 -1 11 -1 11 -1 20 -1 20 -1 #SUP: 7 #SID: 0 2 4 5 7 8 9
11 -1 11 -1 17 -1 17 -1 17 -1 #SUP: 8 #SID: 0 1 3 4 5 6 8 9
8 -1 8 -1 19 -1 19 -1 19 -1 #SUP: 9 #SID: 0 1 2 3 4 5 7 8 9
14 -1 14 -1 14 -1 14 -1 17 -1 #SUP: 3 #SID: 0 4 5
1 -1 18 -1 18 -1 18 -1 18 -1 #SUP: 3 #SID: 3 5 7
13 -1 13 -1 13 -1 17 -1 17 -1 #SUP: 6 #SID: 0 4 5 6 8 9
23 -1 23 -1 23 -1 2 -1 2 -1 #SUP: 8 #SID: 0 1 2 3 4 5 8 9
15 -1 15 -1 15 -1 14 -1 14 -1 #SUP: 9 #SID: 0 1 2 4 5 6 7 8 9
17 -1 17 -1 17 -1 11 -1 11 -1 #SUP: 7 #SID: 0 2 4 5 6 8 9
19 -1 19 -1 19 -1 8 -1 8 -1 #SUP: 8 #SID: 0 3 4 5 6 7 8 9
0 -1 0 -1 24 -1 24 -1 24 -1 #SUP: 3 #SID: 1 2 8
8 -1 16 -1 16 -1 16 -1 16 -1 #SUP: 7 #SID: 0 2 3 4 5 7 8
20 -1 20 -1 20 -1 6 -1 6 -1 #SUP: 6 #SID: 1 3 4 7 8 9
14 -1 14 -1 14 -1 14 -1 16 -1 #SUP: 3 #SID: 1 4 8
16 -1 14 -1 14 -1 14 -1 14 -1 #SUP: 4 #SID: 0 1 4 7
15 -1 15 -1 14 -1 14 -1 14 -1 #SUP: 9 #SID: 0 1 2 4 5 6 7 8 9
15 -1 15 -1 15 -1 15 -1 12 -1 #SUP: 4 #SID: 3 4 5 7
11 -1 11 -1 11 -1 11 -1 28 -1 #SUP: 3 #SID: 0 4 5
14 -1 14 -1 14 -1 15 -1 15 -1 #SUP: 10 #SID: 0 1 2 3 4 5 6 7 8 9
0 -1 18 -1 18 -1 18 -1 18 -1 #SUP: 7 #SID: 0 2 4 5 6 7 9
18 -1 18 -1 18 -1 18 -1 0 -1 #SUP: 8 #SID: 0 2 3 4 5 7 8 9
14 -1 14 -1 14 -1 14 -1 15 -1 #SUP: 10 #SID: 0 1 2 3 4 5 6 7 8 9
3 -1 17 -1 17 -1 17 -1 17 -1 #SUP: 8 #SID: 0 1 2 4 5 6 8 9
15 -1 14 -1 14 -1 14 -1 14 -1 #SUP: 9 #SID: 0 1 2 4 5 6 7 8 9
10 -1 10 -1 17 -1 17 -1 17 -1 #SUP: 3 #SID: 0 1 8
1 -1 1 -1 23 -1 23 -1 23 -1 #SUP: 5 #SID: 0 1 4 5 9
23 -1 12 -1 12 -1 12 -1 12 -1 #SUP: 4 #SID: 0 1 4 5
21 -1 21 -1 21 -1 4 -1 4 -1 #SUP: 4 #SID: 3 5 6 9
22 -1 12 -1 12 -1 12 -1 12 -1 #SUP: 5 #SID: 0 1 4 5 9
18 -1 18 -1 18 -1 8 -1 8 -1 #SUP: 8 #SID: 0 1 2 4 5 7 8 9
17 -1 17 -1 17 -1 17 -1 2 -1 #SUP: 3 #SID: 0 6 8
12 -1 12 -1 12 -1 12 -1 22 -1 #SUP: 8 #SID: 0 1 2 4 5 6 8 9
14 -1 14 -1 14 -1 14 -1 14 -1 #SUP: 10 #SID: 0 1 2 3 4 5 6 7 8 9
17 -1 17 -1 12 -1 12 -1 12 -1 #SUP: 7 #SID: 0 1 5 6 7 8 9
12 -1 12 -1 12 -1 17 -1 17 -1 #SUP: 3 #SID: 5 8 9
16 -1 16 -1 16 -1 16 -1 6 -1 #SUP: 8 #SID: 0 2 4 5 6 7 8 9
17 -1 17 -1 17 -1 17 -1 1 -1 #SUP: 9 #SID: 0 1 2 3 4 5 6 8 9
0 -1 0 -1 23 -1 23 -1 23 -1 #SUP: 7 #SID: 0 1 3 4 5 8 9
14 -1 14 -1 14 -1 14 -1 13 -1 #SUP: 4 #SID: 2 4 5 9
15 -1 15 -1 15 -1 12 -1 12 -1 #SUP: 4 #SID: 3 4 5 7
17 -1 17 -1 17 -1 9 -1 9 -1 #SUP: 10 #SID: 0 1 2 3 4 5 6 7 8 9
9 -1 9 -1 17 -1 17 -1 17 -1 #SUP: 3 #SID: 0 6 8
13 -1 13 -1 13 -1 13 -1 17 -1 #SUP: 6 #SID: 0 4 5 6 8 9
17 -1 17 -1 17 -1 17 -1 0 -1 #SUP: 7 #SID: 0 4 5 6 7 8 9
15 -1 15 -1 15 -1 15 -1 8 -1 #SUP: 4 #SID: 3 4 5 9
0 -1 17 -1 17 -1 17 -1 17 -1 #SUP: 5 #SID: 0 6 7 8 9
22 -1 22 -1 22 -1 1 -1 1 -1 #SUP: 3 #SID: 1 4 6
18 -1 18 -1 18 -1 7 -1 7 -1 #SUP: 6 #SID: 0 3 4 7 8 9
14 -1 14 -1 14 -1 13 -1 13 -1 #SUP: 4 #SID: 2 4 5 9
11 -1 11 -1 11 -1 11 -1 24 -1 #SUP: 3 #SID: 2 3 4
20 -1 12 -1 12 -1 12 -1 12 -1 #SUP: 3 #SID: 4 5 8
12 -1 12 -1 12 -1 12 -1 20 -1 #SUP: 4 #SID: 1 4 5 9
17 -1 17 -1 17 -1 8 -1 8 -1 #SUP: 4 #SID: 3 5 8 9
8 -1 8 -1 17 -1 17 -1 17 -1 #SUP: 8 #SID: 0 3 4 5 6 7 8 9
17 -1 17 -1 11 -1 11 -1 11 -1 #SUP: 6 #SID: 0 2 5 6 8 9
16 -1 16 -1 16 -1 16 -1 3 -1 #SUP: 5 #SID: 1 4 5 7 8
12 -1 12 -1 12 -1 12 -1 19 -1 #SUP: 3 #SID: 3 4 5
15 -1 15 -1 15 -1 15 -1 7 -1 #SUP: 6 #SID: 0 1 5 6 7 9
14 -1 14 -1 13 -1 13 -1 13 -1 #SUP: 4 #SID: 2 4 5 9
3 -1 16 -1 16 -1 16 -1 16 -1 #SUP: 6 #SID: 0 4 6 7 8 9
20 -1 20 -1 9 -1 9 -1 9 -1 #SUP: 4 #SID: 0 3 5 8
11 -1 11 -1 11 -1 17 -1 17 -1 #SUP: 8 #SID: 0 1 3 4 5 6 8 9
14 -1 13 -1 13 -1 13 -1 13 -1 #SUP: 4 #SID: 2 4 5 9
22 -1 11 -1 11 -1 11 -1 11 -1 #SUP: 3 #SID: 2 5 9
15 -1 15 -1 12 -1 12 -1 12 -1 #SUP: 4 #SID: 3 4 5 7
2 -1 16 -1 16 -1 16 -1 16 -1 #SUP: 4 #SID: 1 2 3 4
6 -1 6 -1 18 -1 18 -1 18 -1 #SUP: 7 #SID: 0 1 4 5 6 8 9
15 -1 15 -1 15 -1 15 -1 6 -1 #SUP: 4 #SID: 0 5 6 9
6 -1 6 -1 6 -1 24 -1 24 -1 #SUP: 5 #SID: 1 4 5 8 9
11 -1 11 -1 11 -1 11 -1 22 -1 #SUP: 7 #SID: 0 1 2 4 5 8 9
13 -1 13 -1 13 -1 13 -1 13 -1 #SUP: 10 #SID: 0 1 2 3 4 5 6 7 8 9
17 -1 12 -1 12 -1 12 -1 12 -1 #SUP: 7 #SID: 0 1 5 6 7 8 9
25 -1 25 -1 5 -1 5 -1 5 -1 #SUP: 3 #SID: 5 7 9
15 -1 15 -1 15 -1 15 -1 5 -1 #SUP: 4 #SID: 4 6 7 9
16 -1 16 -1 16 -1 16 -1 0 -1 #SUP: 3 #SID: 2 4 5
0 -1 16 -1 16 -1 16 -1 16 -1 #SUP: 5 #SID: 2 5 7 8 9
11 -1 11 -1 11 -1 11 -1 20 -1 #SUP: 7 #SID: 0 2 4 5 7 8 9
6 -1 6 -1 6 -1 23 -1 23 -1 #SUP: 4 #SID: 0 1 4 8
23 -1 23 -1 6 -1 6 -1 6 -1 #SUP: 3 #SID: 1 3 6
10 -1 10 -1 10 -1 17 -1 17 -1 #SUP: 3 #SID: 0 1 8
8 -1 8 -1 16 -1 16 -1 16 -1 #SUP: 7 #SID: 0 2 3 4 5 7 8
14 -1 14 -1 14 -1 14 -1 8 -1 #SUP: 5 #SID: 1 2 4 5 9
15 -1 15 -1 15 -1 15 -1 3 -1 #SUP: 7 #SID: 1 4 5 6 7 8 9
3 -1 15 -1 15 -1 15 -1 15 -1 #SUP: 6 #SID: 1 2 3 4 7 9
13 -1 13 -1 13 -1 13 -1 11 -1 #SUP: 10 #SID: 0 1 2 3 4 5 6 7 8 9
7 -1 14 -1 14 -1 14 -1 14 -1 #SUP: 9 #SID: 0 1 2 3 4 5 6 7 9
24 -1 24 -1 5 -1 5 -1 5 -1 #SUP: 7 #SID: 0 4 5 6 7 8 9
14 -1 14 -1 14 -1 14 -1 7 -1 #SUP: 9 #SID: 0 1 3 4 5 6 7 8 9
5 -1 5 -1 5 -1 24 -1 24 -1 #SUP: 3 #SID: 0 5 9
3 -1 3 -1 19 -1 19 -1 19 -1 #SUP: 10 #SID: 0 1 2 3 4 5 6 7 8 9
15 -1 12 -1 12 -1 12 -1 12 -1 #SUP: 3 #SID: 3 4 7
19 -1 19 -1 19 -1 3 -1 3 -1 #SUP: 7 #SID: 0 1 2 4 5 7 9
22 -1 22 -1 6 -1 6 -1 6 -1 #SUP: 3 #SID: 1 4 8
8 -1 8 -1 8 -1 19 -1 19 -1 #SUP: 9 #SID: 0 1 2 3 4 5 7 8 9
6 -1 14 -1 14 -1 14 -1 14 -1 #SUP: 8 #SID: 0 2 4 5 6 7 8 9
1 -1 1 -1 20 -1 20 -1 20 -1 #SUP: 5 #SID: 0 4 5 8 9
19 -1 19 -1 8 -1 8 -1 8 -1 #SUP: 8 #SID: 0 3 4 5 6 7 8 9
14 -1 14 -1 14 -1 14 -1 6 -1 #SUP: 9 #SID: 0 1 2 4 5 6 7 8 9
18 -1 18 -1 18 -1 4 -1 4 -1 #SUP: 6 #SID: 0 1 6 7 8 9
6 -1 6 -1 6 -1 22 -1 22 -1 #SUP: 3 #SID: 3 6 7
13 -1 13 -1 13 -1 13 -1 10 -1 #SUP: 7 #SID: 0 1 3 4 5 6 8
15 -1 15 -1 15 -1 8 -1 8 -1 #SUP: 4 #SID: 3 4 5 9
19 -1 19 -1 19 -1 2 -1 2 -1 #SUP: 9 #SID: 0 1 2 3 4 5 7 8 9
2 -1 2 -1 19 -1 19 -1 19 -1 #SUP: 8 #SID: 1 2 4 5 6 7 8 9
17 -1 17 -1 9 -1 9 -1 9 -1 #SUP: 10 #SID: 0 1 2 3 4 5 6 7 8 9
13 -1 13 -1 13 -1 11 -1 11 -1 #SUP: 10 #SID: 0 1 2 3 4 5 6 7 8 9
11 -1 11 -1 11 -1 11 -1 17 -1 #SUP: 8 #SID: 0 1 3 4 5 6 8 9
3 -1 3 -1 3 -1 26 -1 26 -1 #SUP: 5 #SID: 0 4 5 8 9
17 -1 11 -1 11 -1 11 -1 11 -1 #SUP: 6 #SID: 0 2 5 6 8 9
13 -1 13 -1 13 -1 13 -1 9 -1 #SUP: 5 #SID: 0 1 3 5 8
8 -1 8 -1 8 -1 8 -1 28 -1 #SUP: 3 #SID: 4 5 9
12 -1 12 -1 12 -1 12 -1 12 -1 #SUP: 10 #SID: 0 1 2 3 4 5 6 7 8 9
3 -1 3 -1 18 -1 18 -1 18 -1 #SUP: 10 #SID: 0 1 2 3 4 5 6 7 8 9
16 -1 16 -1 16 -1 6 -1 6 -1 #SUP: 8 #SID: 0 2 4 5 6 7 8 9
18 -1 18 -1 18 -1 3 -1 3 -1 #SUP: 7 #SID: 0 2 3 4 7 8 9
18 -1 18 -1 8 -1 8 -1 8 -1 #SUP: 8 #SID: 0 1 2 4 5 7 8 9
13 -1 13 -1 13 -1 13 -1 8 -1 #SUP: 5 #SID: 0 3 5 8 9
15 -1 15 -1 15 -1 7 -1 7 -1 #SUP: 6 #SID: 0 1 5 6 7 9
3 -1 3 -1 3 -1 25 -1 25 -1 #SUP: 6 #SID: 0 1 5 7 8 9
14 -1 14 -1 14 -1 14 -1 3 -1 #SUP: 3 #SID: 3 4 6
13 -1 13 -1 11 -1 11 -1 11 -1 #SUP: 10 #SID: 0 1 2 3 4 5 6 7 8 9
11 -1 12 -1 12 -1 12 -1 12 -1 #SUP: 7 #SID: 0 1 2 3 4 5 8
13 -1 13 -1 13 -1 10 -1 10 -1 #SUP: 7 #SID: 0 1 3 4 5 6 8
12 -1 12 -1 12 -1 12 -1 11 -1 #SUP: 8 #SID: 0 1 3 4 5 6 8 9
11 -1 11 -1 12 -1 12 -1 12 -1 #SUP: 7 #SID: 0 1 2 3 4 5 8
8 -1 8 -1 8 -1 17 -1 17 -1 #SUP: 8 #SID: 0 3 4 5 6 7 8 9
20 -1 20 -1 6 -1 6 -1 6 -1 #SUP: 7 #SID: 1 3 4 6 7 8 9
2 -1 14 -1 14 -1 14 -1 14 -1 #SUP: 8 #SID: 1 2 3 4 5 7 8 9
14 -1 14 -1 14 -1 14 -1 2 -1 #SUP: 7 #SID: 0 1 2 3 4 5 7
4 -1 4 -1 4 -1 23 -1 23 -1 #SUP: 8 #SID: 0 1 3 4 5 6 8 9
17 -1 17 -1 8 -1 8 -1 8 -1 #SUP: 4 #SID: 3 5 8 9
6 -1 13 -1 13 -1 13 -1 13 -1 #SUP: 10 #SID: 0 1 2 3 4 5 6 7 8 9
14 -1 14 -1 14 -1 8 -1 8 -1 #SUP: 5 #SID: 1 2 4 5 9
12 -1 12 -1 12 -1 11 -1 11 -1 #SUP: 8 #SID: 0 1 3 4 5 6 8 9
13 -1 13 -1 13 -1 13 -1 6 -1 #SUP: 4 #SID: 0 1 5 8
23 -1 23 -1 4 -1 4 -1 4 -1 #SUP: 4 #SID: 1 4 8 9
12 -1 12 -1 11 -1 11 -1 11 -1 #SUP: 8 #SID: 0 1 3 4 5 6 8 9
13 -1 11 -1 11 -1 11 -1 11 -1 #SUP: 10 #SID: 0 1 2 3 4 5 6 7 8 9
15 -1 15 -1 15 -1 6 -1 6 -1 #SUP: 4 #SID: 0 5 6 9
10 -1 10 -1 10 -1 10 -1 17 -1 #SUP: 3 #SID: 0 1 8
9 -1 12 -1 12 -1 12 -1 12 -1 #SUP: 7 #SID: 0 3 4 5 6 8 9
13 -1 13 -1 13 -1 9 -1 9 -1 #SUP: 5 #SID: 0 1 3 5 8
11 -1 11 -1 11 -1 12 -1 12 -1 #SUP: 7 #SID: 0 1 2 3 4 5 8
1 -1 14 -1 14 -1 14 -1 14 -1 #SUP: 4 #SID: 4 7 8 9
3 -1 3 -1 17 -1 17 -1 17 -1 #SUP: 9 #SID: 0 1 2 4 5 6 7 8 9
13 -1 13 -1 13 -1 13 -1 5 -1 #SUP: 10 #SID: 0 1 2 3 4 5 6 7 8 9
18 -1 18 -1 7 -1 7 -1 7 -1 #SUP: 7 #SID: 0 2 3 4 7 8 9
0 -1 0 -1 19 -1 19 -1 19 -1 #SUP: 4 #SID: 2 3 4 5
13 -1 13 -1 13 -1 13 -1 4 -1 #SUP: 10 #SID: 0 1 2 3 4 5 6 7 8 9
14 -1 14 -1 14 -1 7 -1 7 -1 #SUP: 9 #SID: 0 1 3 4 5 6 7 8 9
7 -1 7 -1 14 -1 14 -1 14 -1 #SUP: 9 #SID: 0 1 2 3 4 5 6 7 9
13 -1 13 -1 10 -1 10 -1 10 -1 #SUP: 7 #SID: 0 1 3 4 5 6 8
14 -1 14 -1 14 -1 14 -1 0 -1 #SUP: 9 #SID: 0 1 2 3 4 5 7 8 9
0 -1 14 -1 14 -1 14 -1 14 -1 #SUP: 10 #SID: 0 1 2 3 4 5 6 7 8 9
8 -1 12 -1 12 -1 12 -1 12 -1 #SUP: 10 #SID: 0 1 2 3 4 5 6 7 8 9
20 -1 9 -1 9 -1 9 -1 9 -1 #SUP: 4 #SID: 0 3 5 8
12 -1 11 -1 11 -1 11 -1 11 -1 #SUP: 8 #SID: 0 1 3 4 5 6 8 9
11 -1 11 -1 11 -1 11 -1 12 -1 #SUP: 7 #SID: 0 1 2 3 4 5 8
8 -1 8 -1 8 -1 16 -1 16 -1 #SUP: 6 #SID: 0 2 4 5 7 8
1 -1 1 -1 18 -1 18 -1 18 -1 #SUP: 3 #SID: 3 5 7
22 -1 22 -1 4 -1 4 -1 4 -1 #SUP: 9 #SID: 0 1 2 3 4 5 7 8 9
3 -1 3 -1 3 -1 23 -1 23 -1 #SUP: 3 #SID: 3 6 8
17 -1 17 -1 17 -1 2 -1 2 -1 #SUP: 3 #SID: 0 6 8
13 -1 13 -1 13 -1 8 -1 8 -1 #SUP: 5 #SID: 0 3 5 8 9
15 -1 15 -1 15 -1 5 -1 5 -1 #SUP: 4 #SID: 4 6 7 9
13 -1 13 -1 13 -1 13 -1 3 -1 #SUP: 10 #SID: 0 1 2 3 4 5 6 7 8 9
11 -1 11 -1 11 -1 11 -1 11 -1 #SUP: 10 #SID: 0 1 2 3 4 5 6 7 8 9
0 -1 0 -1 18 -1 18 -1 18 -1 #SUP: 7 #SID: 0 2 4 5 6 7 9
18 -1 18 -1 18 -1 0 -1 0 -1 #SUP: 8 #SID: 0 2 3 4 5 7 8 9
11 -1 11 -1 11 -1 11 -1 10 -1 #SUP: 10 #SID: 0 1 2 3 4 5 6 7 8 9
14 -1 14 -1 14 -1 6 -1 6 -1 #SUP: 9 #SID: 0 1 2 4 5 6 7 8 9
6 -1 13 -1 13 -1 11 -1 11 -1 #SUP: 3 #SID: 4 7 8
9 -1 9 -1 12 -1 12 -1 12 -1 #SUP: 7 #SID: 0 3 4 5 6 8 9
2 -1 13 -1 13 -1 13 -1 13 -1 #SUP: 10 #SID: 0 1 2 3 4 5 6 7 8 9
12 -1 12 -1 12 -1 12 -1 6 -1 #SUP: 10 #SID: 0 1 2 3 4 5 6 7 8 9
15 -1 15 -1 8 -1 8 -1 8 -1 #SUP: 4 #SID: 3 4 5 9
16 -1 16 -1 16 -1 3 -1 3 -1 #SUP: 5 #SID: 1 4 5 7 8
6 -1 6 -1 6 -1 18 -1 18 -1 #SUP: 7 #SID: 0 1 4 5 6 8 9
21 -1 21 -1 4 -1 4 -1 4 -1 #SUP: 4 #SID: 3 5 8 9
3 -1 3 -1 16 -1 16 -1 16 -1 #SUP: 6 #SID: 0 4 6 7 8 9
6 -1 6 -1 14 -1 14 -1 14 -1 #SUP: 8 #SID: 0 2 4 5 6 7 8 9
13 -1 13 -1 13 -1 13 -1 1 -1 #SUP: 10 #SID: 0 1 2 3 4 5 6 7 8 9
5 -1 12 -1 12 -1 12 -1 12 -1 #SUP: 10 #SID: 0 1 2 3 4 5 6 7 8 9
12 -1 12 -1 12 -1 12 -1 5 -1 #SUP: 7 #SID: 0 1 3 4 5 6 9
17 -1 17 -1 17 -1 1 -1 1 -1 #SUP: 9 #SID: 0 1 2 3 4 5 6 8 9
13 -1 10 -1 10 -1 10 -1 10 -1 #SUP: 6 #SID: 1 3 4 5 6 8
1 -1 13 -1 13 -1 13 -1 13 -1 #SUP: 3 #SID: 0 4 8
17 -1 9 -1 9 -1 9 -1 9 -1 #SUP: 10 #SID: 0 1 2 3 4 5 6 7 8 9
13 -1 13 -1 9 -1 9 -1 9 -1 #SUP: 5 #SID: 0 1 3 5 8
11 -1 11 -1 11 -1 10 -1 10 -1 #SUP: 10 #SID: 0 1 2 3 4 5 6 7 8 9
11 -1 11 -1 11 -1 11 -1 9 -1 #SUP: 7 #SID: 0 1 4 5 6 8 9
9 -1 11 -1 11 -1 11 -1 11 -1 #SUP: 10 #SID: 0 1 2 3 4 5 6 7 8 9
13 -1 13 -1 13 -1 13 -1 0 -1 #SUP: 9 #SID: 0 1 2 3 4 5 6 7 8
11 -1 11 -1 10 -1 10 -1 10 -1 #SUP: 9 #SID: 0 1 3 4 5 6 7 8 9
12 -1 12 -1 12 -1 12 -1 4 -1 #SUP: 10 #SID: 0 1 2 3 4 5 6 7 8 9
8 -1 11 -1 11 -1 11 -1 11 -1 #SUP: 6 #SID: 2 3 5 6 8 9
0 -1 13 -1 13 -1 13 -1 13 -1 #SUP: 10 #SID: 0 1 2 3 4 5 6 7 8 9
14 -1 14 -1 8 -1 8 -1 8 -1 #SUP: 7 #SID: 0 1 2 4 5 6 9
23 -1 23 -1 2 -1 2 -1 2 -1 #SUP: 8 #SID: 0 1 2 3 4 5 8 9
8 -1 8 -1 12 -1 12 -1 12 -1 #SUP: 10 #SID: 0 1 2 3 4 5 6 7 8 9
4 -1 12 -1 12 -1 12 -1 12 -1 #SUP: 7 #SID: 0 1 2 3 4 5 7
2 -1 2 -1 16 -1 16 -1 16 -1 #SUP: 4 #SID: 1 2 3 4
8 -1 8 -1 8 -1 8 -1 19 -1 #SUP: 9 #SID: 0 1 2 3 4 5 7 8 9
13 -1 13 -1 13 -1 6 -1 6 -1 #SUP: 4 #SID: 0 1 5 8
17 -1 17 -1 17 -1 0 -1 0 -1 #SUP: 7 #SID: 0 4 5 6 7 8 9
19 -1 8 -1 8 -1 8 -1 8 -1 #SUP: 8 #SID: 0 3 4 5 6 7 8 9
15 -1 15 -1 7 -1 7 -1 7 -1 #SUP: 5 #SID: 1 5 6 7 9
3 -1 3 -1 15 -1 15 -1 15 -1 #SUP: 6 #SID: 1 2 3 4 7 9
11 -1 10 -1 10 -1 10 -1 10 -1 #SUP: 9 #SID: 0 1 3 4 5 6 7 8 9
11 -1 11 -1 11 -1 11 -1 7 -1 #SUP: 3 #SID: 2 7 8
11 -1 11 -1 11 -1 9 -1 9 -1 #SUP: 7 #SID: 0 1 4 5 6 8 9
24 -1 24 -1 1 -1 1 -1 1 -1 #SUP: 5 #SID: 0 4 5 8 9
3 -1 12 -1 12 -1 12 -1 12 -1 #SUP: 5 #SID: 1 2 3 5 6
6 -1 6 -1 13 -1 13 -1 13 -1 #SUP: 10 #SID: 0 1 2 3 4 5 6 7 8 9
9 -1 9 -1 11 -1 11 -1 11 -1 #SUP: 10 #SID: 0 1 2 3 4 5 6 7 8 9
0 -1 0 -1 17 -1 17 -1 17 -1 #SUP: 5 #SID: 0 6 7 8 9
15 -1 15 -1 15 -1 3 -1 3 -1 #SUP: 7 #SID: 1 4 5 6 7 8 9
9 -1 9 -1 9 -1 12 -1 12 -1 #SUP: 7 #SID: 0 3 4 5 6 8 9
10 -1 10 -1 10 -1 10 -1 10 -1 #SUP: 10 #SID: 0 1 2 3 4 5 6 7 8 9
13 -1 13 -1 8 -1 8 -1 8 -1 #SUP: 6 #SID: 0 1 3 5 8 9
11 -1 11 -1 11 -1 11 -1 6 -1 #SUP: 10 #SID: 0 1 2 3 4 5 6 7 8 9
6 -1 11 -1 11 -1 11 -1 11 -1 #SUP: 5 #SID: 0 4 5 8 9
16 -1 16 -1 6 -1 6 -1 6 -1 #SUP: 8 #SID: 0 2 4 5 6 7 8 9
12 -1 12 -1 12 -1 12 -1 2 -1 #SUP: 5 #SID: 2 4 6 7 9
2 -1 12 -1 12 -1 12 -1 12 -1 #SUP: 10 #SID: 0 1 2 3 4 5 6 7 8 9
18 -1 8 -1 8 -1 8 -1 8 -1 #SUP: 8 #SID: 0 1 2 4 5 7 8 9
10 -1 10 -1 10 -1 10 -1 9 -1 #SUP: 10 #SID: 0 1 2 3 4 5 6 7 8 9
12 -1 12 -1 12 -1 12 -1 1 -1 #SUP: 5 #SID: 0 3 4 5 8
14 -1 14 -1 7 -1 7 -1 7 -1 #SUP: 9 #SID: 0 1 3 4 5 6 7 8 9
13 -1 13 -1 13 -1 5 -1 5 -1 #SUP: 10 #SID: 0 1 2 3 4 5 6 7 8 9
9 -1 10 -1 10 -1 10 -1 10 -1 #SUP: 10 #SID: 0 1 2 3 4 5 6 7 8 9
5 -1 11 -1 11 -1 11 -1 11 -1 #SUP: 10 #SID: 0 1 2 3 4 5 6 7 8 9
8 -1 8 -1 11 -1 11 -1 11 -1 #SUP: 6 #SID: 2 3 5 6 8 9
7 -1 7 -1 7 -1 14 -1 14 -1 #SUP: 9 #SID: 0 1 2 3 4 5 6 7 9
17 -1 8 -1 8 -1 8 -1 8 -1 #SUP: 3 #SID: 5 8 9
8 -1 8 -1 8 -1 8 -1 17 -1 #SUP: 8 #SID: 0 3 4 5 6 7 8 9
1 -1 1 -1 1 -1 23 -1 23 -1 #SUP: 5 #SID: 0 1 4 5 9
6 -1 6 -1 13 -1 13 -1 11 -1 #SUP: 3 #SID: 4 7 8
11 -1 11 -1 9 -1 9 -1 9 -1 #SUP: 7 #SID: 0 1 4 5 6 8 9
13 -1 9 -1 9 -1 9 -1 9 -1 #SUP: 5 #SID: 0 1 3 5 8
9 -1 9 -1 9 -1 11 -1 11 -1 #SUP: 10 #SID: 0 1 2 3 4 5 6 7 8 9
1 -1 12 -1 12 -1 12 -1 12 -1 #SUP: 10 #SID: 0 1 2 3 4 5 6 7 8 9
11 -1 11 -1 11 -1 11 -1 4 -1 #SUP: 10 #SID: 0 1 2 3 4 5 6 7 8 9
6 -1 13 -1 13 -1 13 -1 3 -1 #SUP: 3 #SID: 0 1 6
9 -1 9 -1 9 -1 9 -1 12 -1 #SUP: 7 #SID: 0 3 4 5 6 8 9
9 -1 9 -1 10 -1 10 -1 10 -1 #SUP: 10 #SID: 0 1 2 3 4 5 6 7 8 9
18 -1 18 -1 4 -1 4 -1 4 -1 #SUP: 6 #SID: 0 1 6 7 8 9
0 -1 12 -1 12 -1 12 -1 12 -1 #SUP: 10 #SID: 0 1 2 3 4 5 6 7 8 9
0 -1 0 -1 16 -1 16 -1 16 -1 #SUP: 4 #SID: 5 7 8 9
4 -1 11 -1 11 -1 11 -1 11 -1 #SUP: 9 #SID: 0 1 2 3 4 5 6 8 9
6 -1 6 -1 6 -1 6 -1 24 -1 #SUP: 5 #SID: 1 4 5 8 9
12 -1 12 -1 12 -1 6 -1 6 -1 #SUP: 10 #SID: 0 1 2 3 4 5 6 7 8 9
16 -1 16 -1 16 -1 0 -1 0 -1 #SUP: 3 #SID: 2 4 5
15 -1 15 -1 6 -1 6 -1 6 -1 #SUP: 4 #SID: 0 5 6 9
12 -1 12 -1 12 -1 12 -1 0 -1 #SUP: 8 #SID: 0 1 2 3 4 5 6 7
14 -1 14 -1 14 -1 3 -1 3 -1 #SUP: 3 #SID: 3 4 6
8 -1 8 -1 8 -1 12 -1 12 -1 #SUP: 10 #SID: 0 1 2 3 4 5 6 7 8 9
0 -1 0 -1 0 -1 24 -1 24 -1 #SUP: 3 #SID: 1 2 8
8 -1 8 -1 8 -1 8 -1 16 -1 #SUP: 6 #SID: 0 2 4 5 7 8
8 -1 10 -1 10 -1 10 -1 10 -1 #SUP: 10 #SID: 0 1 2 3 4 5 6 7 8 9
10 -1 6 -1 6 -1 13 -1 13 -1 #SUP: 3 #SID: 5 6 9
10 -1 10 -1 10 -1 9 -1 9 -1 #SUP: 10 #SID: 0 1 2 3 4 5 6 7 8 9
9 -1 9 -1 9 -1 9 -1 11 -1 #SUP: 10 #SID: 0 1 2 3 4 5 6 7 8 9
15 -1 8 -1 8 -1 8 -1 8 -1 #SUP: 4 #SID: 3 4 5 9
6 -1 6 -1 6 -1 6 -1 23 -1 #SUP: 4 #SID: 0 1 4 8
7 -1 10 -1 10 -1 10 -1 10 -1 #SUP: 10 #SID: 0 1 2 3 4 5 6 7 8 9
11 -1 9 -1 9 -1 9 -1 9 -1 #SUP: 7 #SID: 0 1 4 5 6 8 9
19 -1 19 -1 3 -1 3 -1 3 -1 #SUP: 7 #SID: 0 1 2 4 5 7 9
13 -1 13 -1 13 -1 4 -1 4 -1 #SUP: 10 #SID: 0 1 2 3 4 5 6 7 8 9
10 -1 10 -1 9 -1 9 -1 9 -1 #SUP: 10 #SID: 0 1 2 3 4 5 6 7 8 9
3 -1 3 -1 3 -1 19 -1 19 -1 #SUP: 10 #SID: 0 1 2 3 4 5 6 7 8 9
9 -1 9 -1 9 -1 10 -1 10 -1 #SUP: 10 #SID: 0 1 2 3 4 5 6 7 8 9
22 -1 22 -1 1 -1 1 -1 1 -1 #SUP: 3 #SID: 1 4 6
11 -1 11 -1 11 -1 7 -1 7 -1 #SUP: 3 #SID: 2 7 8
18 -1 7 -1 7 -1 7 -1 7 -1 #SUP: 6 #SID: 0 3 4 7 8 9
2 -1 2 -1 14 -1 14 -1 14 -1 #SUP: 8 #SID: 1 2 3 4 5 7 8 9
14 -1 8 -1 8 -1 8 -1 8 -1 #SUP: 6 #SID: 0 1 4 5 6 9
10 -1 10 -1 10 -1 10 -1 6 -1 #SUP: 10 #SID: 0 1 2 3 4 5 6 7 8 9
0 -1 0 -1 0 -1 23 -1 23 -1 #SUP: 7 #SID: 0 1 3 4 5 8 9
9 -1 9 -1 9 -1 9 -1 10 -1 #SUP: 10 #SID: 0 1 2 3 4 5 6 7 8 9
10 -1 9 -1 9 -1 9 -1 9 -1 #SUP: 10 #SID: 0 1 2 3 4 5 6 7 8 9
8 -1 8 -1 8 -1 11 -1 11 -1 #SUP: 6 #SID: 2 3 5 6 8 9
6 -1 6 -1 6 -1 14 -1 14 -1 #SUP: 8 #SID: 0 2 4 5 6 7 8 9
14 -1 14 -1 6 -1 6 -1 6 -1 #SUP: 9 #SID: 0 1 2 4 5 6 7 8 9
8 -1 8 -1 10 -1 10 -1 10 -1 #SUP: 10 #SID: 0 1 2 3 4 5 6 7 8 9
14 -1 14 -1 14 -1 2 -1 2 -1 #SUP: 7 #SID: 0 1 2 3 4 5 7
22 -1 6 -1 6 -1 6 -1 6 -1 #SUP: 3 #SID: 1 4 8
2 -1 11 -1 11 -1 11 -1 11 -1 #SUP: 10 #SID: 0 1 2 3 4 5 6 7 8 9
6 -1 13 -1 13 -1 13 -1 1 -1 #SUP: 3 #SID: 0 5 9
8 -1 9 -1 9 -1 10 -1 10 -1 #SUP: 3 #SID: 0 5 9
6 -1 6 -1 6 -1 6 -1 22 -1 #SUP: 3 #SID: 3 6 7
5 -1 5 -1 12 -1 12 -1 12 -1 #SUP: 10 #SID: 0 1 2 3 4 5 6 7 8 9
11 -1 11 -1 11 -1 11 -1 2 -1 #SUP: 3 #SID: 0 5 8
12 -1 12 -1 12 -1 5 -1 5 -1 #SUP: 7 #SID: 0 1 3 4 5 6 9
11 -1 11 -1 11 -1 11 -1 1 -1 #SUP: 4 #SID: 1 4 5 6
25 -1 5 -1 5 -1 5 -1 5 -1 #SUP: 3 #SID: 5 7 9
6 -1 6 -1 11 -1 11 -1 11 -1 #SUP: 5 #SID: 0 4 5 8 9
13 -1 13 -1 13 -1 3 -1 3 -1 #SUP: 10 #SID: 0 1 2 3 4 5 6 7 8 9
11 -1 11 -1 11 -1 6 -1 6 -1 #SUP: 10 #SID: 0 1 2 3 4 5 6 7 8 9
10 -1 10 -1 6 -1 6 -1 13 -1 #SUP: 3 #SID: 5 6 9
5 -1 10 -1 10 -1 10 -1 10 -1 #SUP: 9 #SID: 0 1 2 3 4 5 6 7 8
15 -1 15 -1 5 -1 5 -1 5 -1 #SUP: 4 #SID: 4 6 7 9
9 -1 9 -1 9 -1 9 -1 9 -1 #SUP: 10 #SID: 0 1 2 3 4 5 6 7 8 9
1 -1 11 -1 11 -1 11 -1 11 -1 #SUP: 7 #SID: 0 1 2 3 4 5 7
3 -1 3 -1 3 -1 18 -1 18 -1 #SUP: 9 #SID: 0 1 2 4 5 6 7 8 9
13 -1 8 -1 8 -1 8 -1 8 -1 #SUP: 6 #SID: 0 1 3 5 8 9
10 -1 10 -1 10 -1 10 -1 5 -1 #SUP: 4 #SID: 3 5 6 8
18 -1 18 -1 3 -1 3 -1 3 -1 #SUP: 7 #SID: 0 2 3 4 7 8 9
13 -1 13 -1 6 -1 6 -1 6 -1 #SUP: 4 #SID: 0 1 5 8
5 -1 5 -1 5 -1 5 -1 24 -1 #SUP: 3 #SID: 0 5 9
7 -1 7 -1 10 -1 10 -1 10 -1 #SUP: 10 #SID: 0 1 2 3 4 5 6 7 8 9
10 -1 10 -1 10 -1 10 -1 4 -1 #SUP: 10 #SID: 0 1 2 3 4 5 6 7 8 9
19 -1 19 -1 2 -1 2 -1 2 -1 #SUP: 9 #SID: 0 1 2 3 4 5 7 8 9
8 -1 9 -1 9 -1 9 -1 9 -1 #SUP: 10 #SID: 0 1 2 3 4 5 6 7 8 9
8 -1 8 -1 8 -1 10 -1 10 -1 #SUP: 10 #SID: 0 1 2 3 4 5 6 7 8 9
8 -1 8 -1 9 -1 9 -1 10 -1 #SUP: 3 #SID: 0 5 9
12 -1 12 -1 12 -1 4 -1 4 -1 #SUP: 10 #SID: 0 1 2 3 4 5 6 7 8 9
4 -1 4 -1 12 -1 12 -1 12 -1 #SUP: 7 #SID: 0 1 2 3 4 5 7
8 -1 8 -1 8 -1 8 -1 12 -1 #SUP: 10 #SID: 0 1 2 3 4 5 6 7 8 9
6 -1 6 -1 6 -1 13 -1 13 -1 #SUP: 10 #SID: 0 1 2 3 4 5 6 7 8 9
20 -1 6 -1 6 -1 6 -1 6 -1 #SUP: 7 #SID: 1 3 4 6 7 8 9
2 -1 2 -1 2 -1 19 -1 19 -1 #SUP: 7 #SID: 1 2 4 5 7 8 9
0 -1 11 -1 11 -1 11 -1 11 -1 #SUP: 10 #SID: 0 1 2 3 4 5 6 7 8 9
8 -1 8 -1 12 -1 12 -1 4 -1 #SUP: 3 #SID: 0 1 4
11 -1 11 -1 11 -1 11 -1 0 -1 #SUP: 3 #SID: 1 2 3
1 -1 1 -1 14 -1 14 -1 14 -1 #SUP: 5 #SID: 4 5 7 8 9
4 -1 10 -1 10 -1 10 -1 10 -1 #SUP: 8 #SID: 0 1 3 4 5 6 7 8
24 -1 5 -1 5 -1 5 -1 5 -1 #SUP: 7 #SID: 0 4 5 6 7 8 9
9 -1 9 -1 9 -1 9 -1 8 -1 #SUP: 6 #SID: 0 2 3 4 5 7
8 -1 8 -1 9 -1 9 -1 9 -1 #SUP: 10 #SID: 0 1 2 3 4 5 6 7 8 9
11 -1 11 -1 7 -1 7 -1 7 -1 #SUP: 3 #SID: 2 7 8
3 -1 3 -1 3 -1 17 -1 17 -1 #SUP: 9 #SID: 0 1 2 4 5 6 7 8 9
10 -1 10 -1 10 -1 10 -1 3 -1 #SUP: 3 #SID: 2 3 4
1 -1 1 -1 1 -1 20 -1 20 -1 #SUP: 4 #SID: 0 5 8 9
15 -1 7 -1 7 -1 7 -1 7 -1 #SUP: 5 #SID: 1 5 6 7 9
8 -1 8 -1 8 -1 8 -1 11 -1 #SUP: 6 #SID: 2 3 5 6 8 9
5 -1 5 -1 11 -1 11 -1 11 -1 #SUP: 10 #SID: 0 1 2 3 4 5 6 7 8 9
2 -1 2 -1 13 -1 13 -1 13 -1 #SUP: 10 #SID: 0 1 2 3 4 5 6 7 8 9
9 -1 9 -1 9 -1 8 -1 8 -1 #SUP: 6 #SID: 0 2 3 4 5 7
6 -1 9 -1 9 -1 9 -1 9 -1 #SUP: 9 #SID: 0 1 2 3 4 5 6 8 9
8 -1 8 -1 8 -1 8 -1 10 -1 #SUP: 10 #SID: 0 1 2 3 4 5 6 7 8 9
14 -1 14 -1 14 -1 0 -1 0 -1 #SUP: 9 #SID: 0 1 2 3 4 5 7 8 9
6 -1 6 -1 13 -1 13 -1 4 -1 #SUP: 3 #SID: 0 4 5
14 -1 7 -1 7 -1 7 -1 7 -1 #SUP: 9 #SID: 0 1 3 4 5 6 7 8 9
7 -1 7 -1 7 -1 7 -1 14 -1 #SUP: 9 #SID: 0 1 2 3 4 5 6 7 9
9 -1 9 -1 8 -1 8 -1 8 -1 #SUP: 6 #SID: 0 2 3 4 5 7
0 -1 3 -1 3 -1 18 -1 18 -1 #SUP: 3 #SID: 3 7 9
12 -1 12 -1 6 -1 6 -1 6 -1 #SUP: 10 #SID: 0 1 2 3 4 5 6 7 8 9
10 -1 10 -1 10 -1 6 -1 6 -1 #SUP: 10 #SID: 0 1 2 3 4 5 6 7 8 9
8 -1 8 -1 8 -1 9 -1 9 -1 #SUP: 10 #SID: 0 1 2 3 4 5 6 7 8 9
2 -1 9 -1 9 -1 11 -1 11 -1 #SUP: 3 #SID: 2 4 5
0 -1 0 -1 14 -1 14 -1 14 -1 #SUP: 10 #SID: 0 1 2 3 4 5 6 7 8 9
2 -1 10 -1 10 -1 10 -1 10 -1 #SUP: 10 #SID: 0 1 2 3 4 5 6 7 8 9
6 -1 6 -1 6 -1 6 -1 18 -1 #SUP: 6 #SID: 0 1 5 6 8 9
3 -1 3 -1 12 -1 12 -1 12 -1 #SUP: 5 #SID: 1 2 3 5 6
9 -1 9 -1 10 -1 10 -1 4 -1 #SUP: 4 #SID: 3 4 6 9
1 -1 10 -1 10 -1 10 -1 10 -1 #SUP: 5 #SID: 1 2 5 6 8
2 -1 10 -1 10 -1 10 -1 9 -1 #SUP: 3 #SID: 1 3 8
8 -1 8 -1 8 -1 8 -1 9 -1 #SUP: 10 #SID: 0 1 2 3 4 5 6 7 8 9
10 -1 10 -1 10 -1 10 -1 1 -1 #SUP: 7 #SID: 0 2 4 5 6 7 8
9 -1 8 -1 8 -1 8 -1 8 -1 #SUP: 6 #SID: 0 2 3 4 5 7
13 -1 13 -1 5 -1 5 -1 5 -1 #SUP: 10 #SID: 0 1 2 3 4 5 6 7 8 9
13 -1 13 -1 13 -1 1 -1 1 -1 #SUP: 10 #SID: 0 1 2 3 4 5 6 7 8 9
11 -1 11 -1 11 -1 4 -1 4 -1 #SUP: 10 #SID: 0 1 2 3 4 5 6 7 8 9
16 -1 16 -1 3 -1 3 -1 3 -1 #SUP: 5 #SID: 1 5 6 7 8
7 -1 7 -1 7 -1 10 -1 10 -1 #SUP: 10 #SID: 0 1 2 3 4 5 6 7 8 9
1 -1 1 -1 13 -1 13 -1 13 -1 #SUP: 3 #SID: 0 4 8
0 -1 8 -1 8 -1 8 -1 17 -1 #SUP: 3 #SID: 6 8 9
5 -1 9 -1 9 -1 9 -1 9 -1 #SUP: 10 #SID: 0 1 2 3 4 5 6 7 8 9
3 -1 3 -1 3 -1 16 -1 16 -1 #SUP: 6 #SID: 0 4 6 7 8 9
4 -1 4 -1 11 -1 11 -1 11 -1 #SUP: 9 #SID: 0 1 2 3 4 5 6 8 9
2 -1 11 -1 11 -1 11 -1 6 -1 #SUP: 3 #SID: 0 4 8
6 -1 6 -1 13 -1 13 -1 3 -1 #SUP: 3 #SID: 0 5 6
13 -1 13 -1 3 -1 3 -1 8 -1 #SUP: 3 #SID: 0 2 5
8 -1 12 -1 12 -1 4 -1 4 -1 #SUP: 3 #SID: 0 1 4
8 -1 8 -1 8 -1 8 -1 8 -1 #SUP: 10 #SID: 0 1 2 3 4 5 6 7 8 9
6 -1 6 -1 6 -1 11 -1 11 -1 #SUP: 5 #SID: 0 4 5 8 9
2 -1 6 -1 6 -1 13 -1 13 -1 #SUP: 3 #SID: 0 5 9
10 -1 10 -1 10 -1 5 -1 5 -1 #SUP: 4 #SID: 3 5 6 8
17 -1 17 -1 2 -1 2 -1 2 -1 #SUP: 3 #SID: 0 6 8
2 -1 2 -1 12 -1 12 -1 12 -1 #SUP: 10 #SID: 0 1 2 3 4 5 6 7 8 9
10 -1 10 -1 10 -1 10 -1 0 -1 #SUP: 5 #SID: 1 4 5 6 9
16 -1 6 -1 6 -1 6 -1 6 -1 #SUP: 8 #SID: 0 2 4 5 6 7 8 9
11 -1 11 -1 6 -1 6 -1 6 -1 #SUP: 10 #SID: 0 1 2 3 4 5 6 7 8 9
5 -1 5 -1 10 -1 10 -1 10 -1 #SUP: 9 #SID: 0 1 2 3 4 5 6 7 8
6 -1 13 -1 13 -1 4 -1 4 -1 #SUP: 3 #SID: 0 4 5
0 -1 10 -1 10 -1 10 -1 10 -1 #SUP: 5 #SID: 1 4 7 8 9
2 -1 10 -1 10 -1 9 -1 9 -1 #SUP: 3 #SID: 0 4 5
12 -1 12 -1 12 -1 2 -1 2 -1 #SUP: 5 #SID: 2 4 6 7 9
3 -1 9 -1 9 -1 9 -1 9 -1 #SUP: 5 #SID: 0 3 4 5 7
10 -1 10 -1 6 -1 6 -1 7 -1 #SUP: 4 #SID: 1 3 6 8
3 -1 3 -1 3 -1 15 -1 15 -1 #SUP: 5 #SID: 1 2 4 7 9
2 -1 11 -1 11 -1 11 -1 4 -1 #SUP: 3 #SID: 4 5 9
4 -1 4 -1 4 -1 4 -1 23 -1 #SUP: 8 #SID: 0 1 3 4 5 6 8 9
7 -1 8 -1 8 -1 8 -1 8 -1 #SUP: 5 #SID: 1 3 4 5 6
9 -1 9 -1 9 -1 9 -1 3 -1 #SUP: 10 #SID: 0 1 2 3 4 5 6 7 8 9
11 -1 7 -1 7 -1 7 -1 7 -1 #SUP: 3 #SID: 2 7 8
23 -1 4 -1 4 -1 4 -1 4 -1 #SUP: 4 #SID: 1 4 8 9
15 -1 6 -1 6 -1 6 -1 6 -1 #SUP: 4 #SID: 0 5 6 9
5 -1 7 -1 7 -1 10 -1 10 -1 #SUP: 3 #SID: 1 5 6
15 -1 15 -1 3 -1 3 -1 3 -1 #SUP: 7 #SID: 1 4 5 6 7 8 9
13 -1 13 -1 13 -1 0 -1 0 -1 #SUP: 9 #SID: 0 1 2 3 4 5 6 7 8
0 -1 0 -1 13 -1 13 -1 13 -1 #SUP: 10 #SID: 0 1 2 3 4 5 6 7 8 9
5 -1 5 -1 5 -1 12 -1 12 -1 #SUP: 10 #SID: 0 1 2 3 4 5 6 7 8 9
12 -1 12 -1 5 -1 5 -1 5 -1 #SUP: 7 #SID: 0 1 3 4 5 6 9
6 -1 6 -1 9 -1 9 -1 9 -1 #SUP: 9 #SID: 0 1 2 3 4 5 6 8 9
9 -1 9 -1 9 -1 9 -1 2 -1 #SUP: 7 #SID: 0 1 2 3 4 5 9
6 -1 13 -1 13 -1 3 -1 3 -1 #SUP: 3 #SID: 0 5 6
3 -1 3 -1 3 -1 3 -1 26 -1 #SUP: 5 #SID: 0 4 5 8 9
7 -1 7 -1 8 -1 8 -1 8 -1 #SUP: 5 #SID: 1 3 4 5 6
0 -1 6 -1 6 -1 13 -1 13 -1 #SUP: 6 #SID: 0 4 6 7 8 9
6 -1 6 -1 6 -1 6 -1 14 -1 #SUP: 8 #SID: 0 2 4 5 6 7 8 9
7 -1 7 -1 7 -1 7 -1 10 -1 #SUP: 10 #SID: 0 1 2 3 4 5 6 7 8 9
1 -1 1 -1 12 -1 12 -1 12 -1 #SUP: 10 #SID: 0 1 2 3 4 5 6 7 8 9
10 -1 10 -1 6 -1 6 -1 6 -1 #SUP: 10 #SID: 0 1 2 3 4 5 6 7 8 9
2 -1 2 -1 2 -1 16 -1 16 -1 #SUP: 4 #SID: 1 2 3 4
12 -1 12 -1 12 -1 1 -1 1 -1 #SUP: 5 #SID: 0 3 4 5 8
2 -1 9 -1 9 -1 9 -1 9 -1 #SUP: 10 #SID: 0 1 2 3 4 5 6 7 8 9
14 -1 6 -1 6 -1 6 -1 6 -1 #SUP: 8 #SID: 0 2 4 5 6 7 8 9
22 -1 4 -1 4 -1 4 -1 4 -1 #SUP: 9 #SID: 0 1 2 3 4 5 7 8 9
10 -1 10 -1 10 -1 4 -1 4 -1 #SUP: 10 #SID: 0 1 2 3 4 5 6 7 8 9
0 -1 0 -1 0 -1 19 -1 19 -1 #SUP: 4 #SID: 2 3 4 5
13 -1 13 -1 4 -1 4 -1 4 -1 #SUP: 10 #SID: 0 1 2 3 4 5 6 7 8 9
4 -1 4 -1 10 -1 10 -1 10 -1 #SUP: 8 #SID: 0 1 3 4 5 6 7 8
8 -1 8 -1 8 -1 8 -1 6 -1 #SUP: 10 #SID: 0 1 2 3 4 5 6 7 8 9
2 -1 2 -1 11 -1 11 -1 11 -1 #SUP: 10 #SID: 0 1 2 3 4 5 6 7 8 9
9 -1 10 -1 10 -1 4 -1 4 -1 #SUP: 4 #SID: 3 4 6 9
6 -1 6 -1 6 -1 6 -1 13 -1 #SUP: 10 #SID: 0 1 2 3 4 5 6 7 8 9
9 -1 9 -1 9 -1 9 -1 1 -1 #SUP: 10 #SID: 0 1 2 3 4 5 6 7 8 9
7 -1 7 -1 7 -1 8 -1 8 -1 #SUP: 5 #SID: 1 3 4 5 6
5 -1 8 -1 8 -1 8 -1 8 -1 #SUP: 10 #SID: 0 1 2 3 4 5 6 7 8 9
13 -1 6 -1 6 -1 6 -1 6 -1 #SUP: 4 #SID: 0 1 5 8
13 -1 13 -1 3 -1 3 -1 5 -1 #SUP: 3 #SID: 3 4 5
5 -1 5 -1 5 -1 11 -1 11 -1 #SUP: 10 #SID: 0 1 2 3 4 5 6 7 8 9
14 -1 14 -1 3 -1 3 -1 3 -1 #SUP: 3 #SID: 3 4 6
1 -1 9 -1 9 -1 9 -1 9 -1 #SUP: 3 #SID: 0 5 7
11 -1 11 -1 11 -1 2 -1 2 -1 #SUP: 3 #SID: 0 5 8
21 -1 4 -1 4 -1 4 -1 4 -1 #SUP: 4 #SID: 3 5 8 9
5 -1 5 -1 9 -1 9 -1 9 -1 #SUP: 10 #SID: 0 1 2 3 4 5 6 7 8 9
8 -1 8 -1 8 -1 8 -1 5 -1 #SUP: 5 #SID: 1 4 5 6 8
3 -1 3 -1 3 -1 3 -1 25 -1 #SUP: 5 #SID: 1 5 7 8 9
17 -1 17 -1 1 -1 1 -1 1 -1 #SUP: 9 #SID: 0 1 2 3 4 5 6 8 9
11 -1 6 -1 6 -1 6 -1 7 -1 #SUP: 3 #SID: 3 5 9
4 -1 8 -1 8 -1 8 -1 8 -1 #SUP: 10 #SID: 0 1 2 3 4 5 6 7 8 9
4 -1 4 -1 4 -1 12 -1 12 -1 #SUP: 7 #SID: 0 1 2 3 4 5 7
12 -1 12 -1 4 -1 4 -1 4 -1 #SUP: 10 #SID: 0 1 2 3 4 5 6 7 8 9
6 -1 6 -1 6 -1 9 -1 9 -1 #SUP: 9 #SID: 0 1 2 3 4 5 6 8 9
0 -1 9 -1 9 -1 9 -1 9 -1 #SUP: 10 #SID: 0 1 2 3 4 5 6 7 8 9
12 -1 12 -1 12 -1 0 -1 0 -1 #SUP: 9 #SID: 0 1 2 3 4 5 6 7 8
10 -1 6 -1 6 -1 7 -1 7 -1 #SUP: 4 #SID: 1 3 6 8
0 -1 0 -1 0 -1 18 -1 18 -1 #SUP: 7 #SID: 0 2 4 5 6 7 9
8 -1 8 -1 8 -1 8 -1 4 -1 #SUP: 9 #SID: 0 1 3 4 5 6 7 8 9
11 -1 11 -1 6 -1 6 -1 2 -1 #SUP: 4 #SID: 2 4 5 8
10 -1 10 -1 10 -1 3 -1 3 -1 #SUP: 3 #SID: 2 3 4
0 -1 0 -1 12 -1 12 -1 12 -1 #SUP: 10 #SID: 0 1 2 3 4 5 6 7 8 9
12 -1 6 -1 6 -1 6 -1 6 -1 #SUP: 10 #SID: 0 1 2 3 4 5 6 7 8 9
7 -1 7 -1 7 -1 7 -1 8 -1 #SUP: 5 #SID: 1 3 4 5 6
9 -1 9 -1 9 -1 9 -1 0 -1 #SUP: 10 #SID: 0 1 2 3 4 5 6 7 8 9
18 -1 18 -1 0 -1 0 -1 0 -1 #SUP: 8 #SID: 0 2 3 4 5 7 8 9
8 -1 8 -1 8 -1 6 -1 6 -1 #SUP: 10 #SID: 0 1 2 3 4 5 6 7 8 9
15 -1 5 -1 5 -1 5 -1 5 -1 #SUP: 4 #SID: 4 6 7 9
3 -1 3 -1 3 -1 3 -1 23 -1 #SUP: 3 #SID: 3 6 8
8 -1 8 -1 9 -1 9 -1 1 -1 #SUP: 3 #SID: 1 3 4
5 -1 5 -1 5 -1 10 -1 10 -1 #SUP: 9 #SID: 0 1 2 3 4 5 6 7 8
11 -1 11 -1 11 -1 1 -1 1 -1 #SUP: 5 #SID: 1 2 4 5 6
11 -1 6 -1 6 -1 6 -1 6 -1 #SUP: 10 #SID: 0 1 2 3 4 5 6 7 8 9
7 -1 7 -1 7 -1 7 -1 7 -1 #SUP: 10 #SID: 0 1 2 3 4 5 6 7 8 9
10 -1 10 -1 5 -1 5 -1 5 -1 #SUP: 4 #SID: 3 5 6 8
13 -1 3 -1 3 -1 8 -1 8 -1 #SUP: 3 #SID: 0 2 5
8 -1 8 -1 8 -1 8 -1 3 -1 #SUP: 10 #SID: 0 1 2 3 4 5 6 7 8 9
1 -1 1 -1 11 -1 11 -1 11 -1 #SUP: 7 #SID: 0 1 2 3 4 5 7
11 -1 11 -1 4 -1 4 -1 5 -1 #SUP: 3 #SID: 0 1 2
13 -1 13 -1 3 -1 3 -1 3 -1 #SUP: 10 #SID: 0 1 2 3 4 5 6 7 8 9
6 -1 6 -1 6 -1 6 -1 11 -1 #SUP: 5 #SID: 0 4 5 8 9
3 -1 8 -1 8 -1 8 -1 8 -1 #SUP: 10 #SID: 0 1 2 3 4 5 6 7 8 9
4 -1 4 -1 4 -1 11 -1 11 -1 #SUP: 9 #SID: 0 1 2 3 4 5 6 8 9
8 -1 8 -1 8 -1 8 -1 2 -1 #SUP: 3 #SID: 4 5 7
10 -1 10 -1 6 -1 6 -1 2 -1 #SUP: 3 #SID: 4 5 7
6 -1 7 -1 7 -1 7 -1 7 -1 #SUP: 10 #SID: 0 1 2 3 4 5 6 7 8 9
2 -1 8 -1 8 -1 8 -1 8 -1 #SUP: 10 #SID: 0 1 2 3 4 5 6 7 8 9
0 -1 0 -1 0 -1 17 -1 17 -1 #SUP: 5 #SID: 0 6 7 8 9
5 -1 5 -1 8 -1 8 -1 8 -1 #SUP: 10 #SID: 0 1 2 3 4 5 6 7 8 9
8 -1 8 -1 8 -1 5 -1 5 -1 #SUP: 5 #SID: 1 4 5 6 8
11 -1 11 -1 4 -1 4 -1 4 -1 #SUP: 10 #SID: 0 1 2 3 4 5 6 7 8 9
17 -1 17 -1 0 -1 0 -1 0 -1 #SUP: 7 #SID: 0 4 5 6 7 8 9
10 -1 6 -1 6 -1 6 -1 6 -1 #SUP: 10 #SID: 0 1 2 3 4 5 6 7 8 9
11 -1 11 -1 6 -1 6 -1 0 -1 #SUP: 3 #SID: 1 5 8
18 -1 4 -1 4 -1 4 -1 4 -1 #SUP: 6 #SID: 0 1 6 7 8 9
5 -1 5 -1 7 -1 7 -1 10 -1 #SUP: 3 #SID: 1 5 6
2 -1 2 -1 10 -1 10 -1 10 -1 #SUP: 10 #SID: 0 1 2 3 4 5 6 7 8 9
8 -1 8 -1 6 -1 6 -1 6 -1 #SUP: 10 #SID: 0 1 2 3 4 5 6 7 8 9
14 -1 14 -1 2 -1 2 -1 2 -1 #SUP: 7 #SID: 0 1 2 3 4 5 7
2 -1 2 -1 2 -1 14 -1 14 -1 #SUP: 8 #SID: 1 2 3 4 5 7 8 9
0 -1 0 -1 11 -1 11 -1 11 -1 #SUP: 10 #SID: 0 1 2 3 4 5 6 7 8 9
5 -1 5 -1 5 -1 9 -1 9 -1 #SUP: 10 #SID: 0 1 2 3 4 5 6 7 8 9
3 -1 3 -1 9 -1 9 -1 9 -1 #SUP: 6 #SID: 0 1 3 4 5 7
6 -1 6 -1 6 -1 6 -1 9 -1 #SUP: 9 #SID: 0 1 2 3 4 5 6 8 9
8 -1 8 -1 8 -1 8 -1 1 -1 #SUP: 4 #SID: 0 2 3 7
7 -1 7 -1 7 -1 7 -1 5 -1 #SUP: 6 #SID: 0 1 2 3 4 5
0 -1 8 -1 8 -1 8 -1 9 -1 #SUP: 4 #SID: 2 3 6 7
2 -1 2 -1 9 -1 9 -1 11 -1 #SUP: 3 #SID: 2 4 5
5 -1 9 -1 9 -1 9 -1 1 -1 #SUP: 3 #SID: 0 3 8
11 -1 11 -1 11 -1 0 -1 0 -1 #SUP: 3 #SID: 1 2 3
2 -1 2 -1 10 -1 10 -1 9 -1 #SUP: 3 #SID: 0 4 5
2 -1 6 -1 6 -1 6 -1 13 -1 #SUP: 4 #SID: 0 1 4 8
10 -1 10 -1 6 -1 6 -1 1 -1 #SUP: 3 #SID: 0 6 8
3 -1 3 -1 3 -1 12 -1 12 -1 #SUP: 4 #SID: 1 2 3 5
5 -1 7 -1 7 -1 7 -1 7 -1 #SUP: 10 #SID: 0 1 2 3 4 5 6 7 8 9
13 -1 5 -1 5 -1 5 -1 5 -1 #SUP: 10 #SID: 0 1 2 3 4 5 6 7 8 9
12 -1 12 -1 4 -1 4 -1 1 -1 #SUP: 3 #SID: 0 2 5
9 -1 9 -1 9 -1 3 -1 3 -1 #SUP: 10 #SID: 0 1 2 3 4 5 6 7 8 9
6 -1 6 -1 7 -1 7 -1 7 -1 #SUP: 10 #SID: 0 1 2 3 4 5 6 7 8 9
1 -1 8 -1 8 -1 8 -1 8 -1 #SUP: 6 #SID: 0 4 5 6 7 8
0 -1 0 -1 0 -1 16 -1 16 -1 #SUP: 3 #SID: 5 7 9
0 -1 8 -1 8 -1 8 -1 8 -1 #SUP: 10 #SID: 0 1 2 3 4 5 6 7 8 9
4 -1 7 -1 7 -1 7 -1 7 -1 #SUP: 10 #SID: 0 1 2 3 4 5 6 7 8 9
1 -1 1 -1 10 -1 10 -1 10 -1 #SUP: 5 #SID: 1 2 5 6 8
10 -1 10 -1 4 -1 4 -1 4 -1 #SUP: 10 #SID: 0 1 2 3 4 5 6 7 8 9
8 -1 8 -1 8 -1 4 -1 4 -1 #SUP: 9 #SID: 0 1 3 4 5 6 7 8 9
7 -1 7 -1 7 -1 7 -1 4 -1 #SUP: 9 #SID: 0 1 2 3 4 5 6 8 9
0 -1 12 -1 12 -1 4 -1 4 -1 #SUP: 3 #SID: 2 6 8
4 -1 4 -1 8 -1 8 -1 8 -1 #SUP: 10 #SID: 0 1 2 3 4 5 6 7 8 9
6 -1 6 -1 6 -1 7 -1 7 -1 #SUP: 10 #SID: 0 1 2 3 4 5 6 7 8 9
2 -1 2 -1 2 -1 13 -1 13 -1 #SUP: 10 #SID: 0 1 2 3 4 5 6 7 8 9
8 -1 8 -1 8 -1 8 -1 0 -1 #SUP: 10 #SID: 0 1 2 3 4 5 6 7 8 9
16 -1 16 -1 0 -1 0 -1 0 -1 #SUP: 3 #SID: 2 4 5
8 -1 6 -1 6 -1 6 -1 6 -1 #SUP: 10 #SID: 0 1 2 3 4 5 6 7 8 9
5 -1 5 -1 5 -1 5 -1 12 -1 #SUP: 10 #SID: 0 1 2 3 4 5 6 7 8 9
4 -1 4 -1 4 -1 10 -1 10 -1 #SUP: 8 #SID: 0 1 3 4 5 6 7 8
10 -1 10 -1 10 -1 1 -1 1 -1 #SUP: 7 #SID: 0 2 4 5 6 7 8
12 -1 5 -1 5 -1 5 -1 5 -1 #SUP: 7 #SID: 0 1 3 4 5 6 9
3 -1 7 -1 7 -1 7 -1 7 -1 #SUP: 10 #SID: 0 1 2 3 4 5 6 7 8 9
5 -1 5 -1 5 -1 8 -1 8 -1 #SUP: 10 #SID: 0 1 2 3 4 5 6 7 8 9
9 -1 9 -1 9 -1 2 -1 2 -1 #SUP: 7 #SID: 0 1 2 3 4 5 9
8 -1 8 -1 5 -1 5 -1 5 -1 #SUP: 5 #SID: 1 4 5 6 8
3 -1 3 -1 3 -1 3 -1 19 -1 #SUP: 10 #SID: 0 1 2 3 4 5 6 7 8 9
1 -1 1 -1 1 -1 14 -1 14 -1 #SUP: 4 #SID: 5 7 8 9
0 -1 6 -1 6 -1 6 -1 13 -1 #SUP: 4 #SID: 2 6 7 9
2 -1 2 -1 9 -1 9 -1 9 -1 #SUP: 10 #SID: 0 1 2 3 4 5 6 7 8 9
19 -1 3 -1 3 -1 3 -1 3 -1 #SUP: 7 #SID: 0 1 2 4 5 7 9
23 -1 2 -1 2 -1 2 -1 2 -1 #SUP: 8 #SID: 0 1 2 3 4 5 8 9
7 -1 7 -1 7 -1 5 -1 5 -1 #SUP: 6 #SID: 0 1 2 3 4 5
5 -1 5 -1 7 -1 7 -1 7 -1 #SUP: 10 #SID: 0 1 2 3 4 5 6 7 8 9
5 -1 5 -1 5 -1 5 -1 11 -1 #SUP: 10 #SID: 0 1 2 3 4 5 6 7 8 9
3 -1 0 -1 0 -1 14 -1 14 -1 #SUP: 4 #SID: 1 5 6 9
7 -1 7 -1 7 -1 7 -1 3 -1 #SUP: 10 #SID: 0 1 2 3 4 5 6 7 8 9
6 -1 6 -1 6 -1 6 -1 7 -1 #SUP: 10 #SID: 0 1 2 3 4 5 6 7 8 9
5 -1 5 -1 5 -1 5 -1 10 -1 #SUP: 9 #SID: 0 1 2 3 4 5 6 7 8
2 -1 2 -1 2 -1 12 -1 12 -1 #SUP: 10 #SID: 0 1 2 3 4 5 6 7 8 9
6 -1 7 -1 7 -1 7 -1 3 -1 #SUP: 3 #SID: 5 6 8
3 -1 3 -1 8 -1 8 -1 8 -1 #SUP: 10 #SID: 0 1 2 3 4 5 6 7 8 9
18 -1 3 -1 3 -1 3 -1 3 -1 #SUP: 6 #SID: 2 3 4 7 8 9
10 -1 6 -1 6 -1 6 -1 2 -1 #SUP: 4 #SID: 0 2 4 7
10 -1 5 -1 5 -1 5 -1 5 -1 #SUP: 4 #SID: 3 5 6 8
6 -1 6 -1 6 -1 6 -1 6 -1 #SUP: 10 #SID: 0 1 2 3 4 5 6 7 8 9
0 -1 0 -1 10 -1 10 -1 10 -1 #SUP: 5 #SID: 1 4 7 8 9
8 -1 8 -1 8 -1 3 -1 3 -1 #SUP: 10 #SID: 0 1 2 3 4 5 6 7 8 9
13 -1 4 -1 4 -1 4 -1 5 -1 #SUP: 3 #SID: 0 4 5
4 -1 5 -1 5 -1 8 -1 8 -1 #SUP: 3 #SID: 0 4 5
7 -1 7 -1 7 -1 7 -1 2 -1 #SUP: 6 #SID: 0 3 4 5 6 7
12 -1 12 -1 2 -1 2 -1 2 -1 #SUP: 5 #SID: 2 4 6 7 9
3 -1 3 -1 3 -1 3 -1 18 -1 #SUP: 9 #SID: 0 1 2 4 5 6 7 8 9
10 -1 10 -1 10 -1 0 -1 0 -1 #SUP: 5 #SID: 1 4 5 6 9
6 -1 2 -1 2 -1 10 -1 10 -1 #SUP: 4 #SID: 1 4 5 9
2 -1 7 -1 7 -1 7 -1 7 -1 #SUP: 10 #SID: 0 1 2 3 4 5 6 7 8 9
5 -1 5 -1 5 -1 5 -1 9 -1 #SUP: 10 #SID: 0 1 2 3 4 5 6 7 8 9
1 -1 1 -1 9 -1 9 -1 9 -1 #SUP: 3 #SID: 0 5 7
7 -1 7 -1 5 -1 5 -1 5 -1 #SUP: 6 #SID: 0 1 2 3 4 5
10 -1 10 -1 4 -1 4 -1 1 -1 #SUP: 4 #SID: 0 4 5 8
5 -1 7 -1 7 -1 7 -1 3 -1 #SUP: 3 #SID: 3 5 9
5 -1 5 -1 5 -1 7 -1 7 -1 #SUP: 10 #SID: 0 1 2 3 4 5 6 7 8 9
13 -1 3 -1 3 -1 5 -1 5 -1 #SUP: 3 #SID: 3 4 5
10 -1 10 -1 3 -1 3 -1 3 -1 #SUP: 3 #SID: 2 3 4
13 -1 4 -1 4 -1 4 -1 4 -1 #SUP: 10 #SID: 0 1 2 3 4 5 6 7 8 9
1 -1 1 -1 1 -1 13 -1 13 -1 #SUP: 3 #SID: 0 4 8
7 -1 7 -1 7 -1 4 -1 4 -1 #SUP: 9 #SID: 0 1 2 3 4 5 6 8 9
4 -1 4 -1 7 -1 7 -1 7 -1 #SUP: 10 #SID: 0 1 2 3 4 5 6 7 8 9
2 -1 2 -1 6 -1 6 -1 13 -1 #SUP: 3 #SID: 0 5 9
1 -1 7 -1 7 -1 7 -1 7 -1 #SUP: 10 #SID: 0 1 2 3 4 5 6 7 8 9
3 -1 3 -1 3 -1 3 -1 17 -1 #SUP: 9 #SID: 0 1 2 4 5 6 7 8 9
13 -1 13 -1 1 -1 1 -1 1 -1 #SUP: 10 #SID: 0 1 2 3 4 5 6 7 8 9
6 -1 6 -1 6 -1 6 -1 5 -1 #SUP: 4 #SID: 0 5 8 9
9 -1 9 -1 9 -1 1 -1 1 -1 #SUP: 10 #SID: 0 1 2 3 4 5 6 7 8 9
11 -1 4 -1 4 -1 5 -1 5 -1 #SUP: 3 #SID: 0 1 2
7 -1 7 -1 7 -1 7 -1 1 -1 #SUP: 10 #SID: 0 1 2 3 4 5 6 7 8 9
9 -1 5 -1 5 -1 5 -1 5 -1 #SUP: 3 #SID: 4 5 9
0 -1 0 -1 0 -1 14 -1 14 -1 #SUP: 10 #SID: 0 1 2 3 4 5 6 7 8 9
5 -1 5 -1 5 -1 5 -1 8 -1 #SUP: 10 #SID: 0 1 2 3 4 5 6 7 8 9
2 -1 2 -1 2 -1 11 -1 11 -1 #SUP: 10 #SID: 0 1 2 3 4 5 6 7 8 9
8 -1 5 -1 5 -1 5 -1 5 -1 #SUP: 5 #SID: 1 4 5 6 8
8 -1 8 -1 4 -1 4 -1 4 -1 #SUP: 9 #SID: 0 1 3 4 5 6 7 8 9
7 -1 7 -1 7 -1 7 -1 0 -1 #SUP: 10 #SID: 0 1 2 3 4 5 6 7 8 9
4 -1 6 -1 6 -1 6 -1 6 -1 #SUP: 8 #SID: 0 1 2 4 5 6 8 9
14 -1 14 -1 0 -1 0 -1 0 -1 #SUP: 9 #SID: 0 1 2 3 4 5 7 8 9
0 -1 2 -1 2 -1 12 -1 12 -1 #SUP: 3 #SID: 3 5 6
3 -1 3 -1 3 -1 3 -1 16 -1 #SUP: 6 #SID: 0 4 6 7 8 9
11 -1 4 -1 4 -1 4 -1 5 -1 #SUP: 4 #SID: 1 4 6 8
6 -1 6 -1 6 -1 6 -1 4 -1 #SUP: 4 #SID: 1 4 5 8
13 -1 13 -1 1 -1 1 -1 0 -1 #SUP: 5 #SID: 0 2 3 5 8
8 -1 8 -1 8 -1 2 -1 2 -1 #SUP: 3 #SID: 4 5 7
0 -1 7 -1 7 -1 7 -1 7 -1 #SUP: 10 #SID: 0 1 2 3 4 5 6 7 8 9
24 -1 1 -1 1 -1 1 -1 1 -1 #SUP: 5 #SID: 0 4 5 8 9
6 -1 6 -1 6 -1 5 -1 5 -1 #SUP: 4 #SID: 0 5 8 9
4 -1 4 -1 4 -1 4 -1 12 -1 #SUP: 7 #SID: 0 1 2 3 4 5 7
0 -1 5 -1 5 -1 9 -1 9 -1 #SUP: 3 #SID: 4 5 6
11 -1 11 -1 2 -1 2 -1 2 -1 #SUP: 3 #SID: 0 5 8
8 -1 9 -1 9 -1 1 -1 1 -1 #SUP: 3 #SID: 1 3 4
10 -1 10 -1 4 -1 4 -1 0 -1 #SUP: 3 #SID: 3 5 8
16 -1 3 -1 3 -1 3 -1 3 -1 #SUP: 4 #SID: 1 5 6 7
6 -1 2 -1 2 -1 9 -1 9 -1 #SUP: 4 #SID: 1 4 5 9
4 -1 4 -1 4 -1 8 -1 8 -1 #SUP: 10 #SID: 0 1 2 3 4 5 6 7 8 9
2 -1 2 -1 8 -1 8 -1 8 -1 #SUP: 10 #SID: 0 1 2 3 4 5 6 7 8 9
0 -1 0 -1 12 -1 12 -1 4 -1 #SUP: 3 #SID: 2 6 8
12 -1 4 -1 4 -1 4 -1 4 -1 #SUP: 10 #SID: 0 1 2 3 4 5 6 7 8 9
1 -1 1 -1 1 -1 1 -1 23 -1 #SUP: 5 #SID: 0 1 4 5 9
7 -1 7 -1 7 -1 3 -1 3 -1 #SUP: 10 #SID: 0 1 2 3 4 5 6 7 8 9
19 -1 2 -1 2 -1 2 -1 2 -1 #SUP: 9 #SID: 0 1 2 3 4 5 7 8 9
10 -1 4 -1 4 -1 4 -1 5 -1 #SUP: 3 #SID: 3 4 5
9 -1 9 -1 9 -1 0 -1 0 -1 #SUP: 10 #SID: 0 1 2 3 4 5 6 7 8 9
5 -1 5 -1 5 -1 5 -1 7 -1 #SUP: 10 #SID: 0 1 2 3 4 5 6 7 8 9
6 -1 6 -1 7 -1 7 -1 1 -1 #SUP: 3 #SID: 2 4 9
9 -1 9 -1 1 -1 1 -1 7 -1 #SUP: 3 #SID: 4 5 7
4 -1 4 -1 4 -1 4 -1 11 -1 #SUP: 9 #SID: 0 1 2 3 4 5 6 8 9
3 -1 3 -1 3 -1 3 -1 15 -1 #SUP: 5 #SID: 1 2 4 7 9
6 -1 6 -1 6 -1 6 -1 3 -1 #SUP: 8 #SID: 0 1 2 3 4 5 8 9
2 -1 2 -1 2 -1 2 -1 19 -1 #SUP: 7 #SID: 1 2 4 5 7 8 9
11 -1 4 -1 4 -1 4 -1 4 -1 #SUP: 10 #SID: 0 1 2 3 4 5 6 7 8 9
0 -1 0 -1 9 -1 9 -1 9 -1 #SUP: 10 #SID: 0 1 2 3 4 5 6 7 8 9
12 -1 12 -1 1 -1 1 -1 1 -1 #SUP: 6 #SID: 0 3 4 5 7 8
9 -1 9 -1 3 -1 3 -1 3 -1 #SUP: 10 #SID: 0 1 2 3 4 5 6 7 8 9
6 -1 6 -1 5 -1 5 -1 5 -1 #SUP: 4 #SID: 0 5 8 9
1 -1 1 -1 1 -1 12 -1 12 -1 #SUP: 10 #SID: 0 1 2 3 4 5 6 7 8 9
3 -1 3 -1 3 -1 9 -1 9 -1 #SUP: 6 #SID: 0 1 3 4 5 7
15 -1 3 -1 3 -1 3 -1 3 -1 #SUP: 7 #SID: 1 4 5 6 7 8 9
7 -1 5 -1 5 -1 5 -1 5 -1 #SUP: 6 #SID: 0 1 2 3 4 5
11 -1 6 -1 6 -1 2 -1 2 -1 #SUP: 4 #SID: 2 4 5 8
5 -1 7 -1 7 -1 7 -1 1 -1 #SUP: 6 #SID: 2 3 4 5 6 9
3 -1 3 -1 7 -1 7 -1 7 -1 #SUP: 10 #SID: 0 1 2 3 4 5 6 7 8 9
1 -1 2 -1 2 -1 11 -1 11 -1 #SUP: 5 #SID: 0 3 7 8 9
3 -1 6 -1 6 -1 6 -1 6 -1 #SUP: 8 #SID: 0 1 2 3 4 5 6 8
13 -1 4 -1 4 -1 4 -1 1 -1 #SUP: 4 #SID: 5 6 7 9
0 -1 5 -1 5 -1 5 -1 11 -1 #SUP: 3 #SID: 0 6 9
4 -1 7 -1 7 -1 7 -1 1 -1 #SUP: 3 #SID: 1 5 8
0 -1 2 -1 2 -1 11 -1 11 -1 #SUP: 5 #SID: 1 3 5 8 9
4 -1 4 -1 6 -1 6 -1 6 -1 #SUP: 8 #SID: 0 1 2 4 5 6 8 9
10 -1 4 -1 4 -1 4 -1 4 -1 #SUP: 10 #SID: 0 1 2 3 4 5 6 7 8 9
2 -1 2 -1 2 -1 10 -1 10 -1 #SUP: 10 #SID: 0 1 2 3 4 5 6 7 8 9
2 -1 6 -1 6 -1 6 -1 6 -1 #SUP: 10 #SID: 0 1 2 3 4 5 6 7 8 9
1 -1 1 -1 8 -1 8 -1 8 -1 #SUP: 6 #SID: 0 4 5 6 7 8
22 -1 1 -1 1 -1 1 -1 1 -1 #SUP: 3 #SID: 1 4 6
4 -1 4 -1 4 -1 4 -1 10 -1 #SUP: 8 #SID: 0 1 3 4 5 6 7 8
13 -1 13 -1 0 -1 0 -1 0 -1 #SUP: 9 #SID: 0 1 2 3 4 5 6 7 8
8 -1 8 -1 8 -1 1 -1 1 -1 #SUP: 4 #SID: 0 2 3 7
4 -1 4 -1 5 -1 5 -1 8 -1 #SUP: 3 #SID: 0 4 5
6 -1 6 -1 6 -1 4 -1 4 -1 #SUP: 4 #SID: 1 4 5 8
6 -1 6 -1 6 -1 6 -1 2 -1 #SUP: 10 #SID: 0 1 2 3 4 5 6 7 8 9
0 -1 5 -1 5 -1 8 -1 8 -1 #SUP: 4 #SID: 0 3 4 5
7 -1 7 -1 4 -1 4 -1 4 -1 #SUP: 9 #SID: 0 1 2 3 4 5 6 8 9
4 -1 4 -1 4 -1 7 -1 7 -1 #SUP: 10 #SID: 0 1 2 3 4 5 6 7 8 9
10 -1 6 -1 6 -1 2 -1 2 -1 #SUP: 3 #SID: 4 5 7
6 -1 6 -1 2 -1 2 -1 10 -1 #SUP: 4 #SID: 1 4 5 9
14 -1 3 -1 3 -1 3 -1 3 -1 #SUP: 3 #SID: 3 4 6
0 -1 0 -1 0 -1 13 -1 13 -1 #SUP: 9 #SID: 0 2 3 4 5 6 7 8 9
6 -1 5 -1 5 -1 5 -1 5 -1 #SUP: 4 #SID: 0 5 8 9
1 -1 6 -1 6 -1 6 -1 6 -1 #SUP: 10 #SID: 0 1 2 3 4 5 6 7 8 9
6 -1 6 -1 2 -1 2 -1 9 -1 #SUP: 4 #SID: 1 4 5 9
13 -1 3 -1 3 -1 3 -1 3 -1 #SUP: 10 #SID: 0 1 2 3 4 5 6 7 8 9
2 -1 2 -1 7 -1 7 -1 7 -1 #SUP: 10 #SID: 0 1 2 3 4 5 6 7 8 9
7 -1 7 -1 7 -1 2 -1 2 -1 #SUP: 6 #SID: 0 3 4 5 6 7
4 -1 7 -1 7 -1 7 -1 0 -1 #SUP: 3 #SID: 2 5 6
5 -1 5 -1 5 -1 5 -1 5 -1 #SUP: 10 #SID: 0 1 2 3 4 5 6 7 8 9
3 -1 7 -1 7 -1 7 -1 1 -1 #SUP: 3 #SID: 0 3 8
7 -1 7 -1 3 -1 3 -1 5 -1 #SUP: 3 #SID: 3 7 8
17 -1 2 -1 2 -1 2 -1 2 -1 #SUP: 3 #SID: 0 6 8
8 -1 8 -1 3 -1 3 -1 3 -1 #SUP: 10 #SID: 0 1 2 3 4 5 6 7 8 9
12 -1 4 -1 4 -1 4 -1 1 -1 #SUP: 4 #SID: 3 4 5 7
9 -1 1 -1 1 -1 7 -1 7 -1 #SUP: 3 #SID: 4 5 7
3 -1 3 -1 3 -1 8 -1 8 -1 #SUP: 10 #SID: 0 1 2 3 4 5 6 7 8 9
6 -1 6 -1 6 -1 6 -1 1 -1 #SUP: 10 #SID: 0 1 2 3 4 5 6 7 8 9
1 -1 2 -1 2 -1 10 -1 10 -1 #SUP: 3 #SID: 0 1 3
11 -1 11 -1 1 -1 1 -1 1 -1 #SUP: 5 #SID: 1 2 4 5 6
0 -1 0 -1 6 -1 6 -1 13 -1 #SUP: 6 #SID: 0 4 6 7 8 9
1 -1 1 -1 1 -1 11 -1 11 -1 #SUP: 7 #SID: 0 1 2 3 4 5 7
1 -1 1 -1 1 -1 1 -1 20 -1 #SUP: 4 #SID: 0 5 8 9
0 -1 0 -1 0 -1 0 -1 24 -1 #SUP: 3 #SID: 1 2 8
2 -1 7 -1 7 -1 7 -1 1 -1 #SUP: 3 #SID: 5 6 7
0 -1 5 -1 5 -1 5 -1 9 -1 #SUP: 4 #SID: 3 4 8 9
8 -1 4 -1 4 -1 4 -1 4 -1 #SUP: 9 #SID: 0 1 3 4 5 6 7 8 9
0 -1 8 -1 8 -1 8 -1 0 -1 #SUP: 4 #SID: 0 1 5 7
11 -1 4 -1 4 -1 4 -1 1 -1 #SUP: 5 #SID: 0 1 3 4 6
6 -1 6 -1 6 -1 6 -1 0 -1 #SUP: 10 #SID: 0 1 2 3 4 5 6 7 8 9
4 -1 4 -1 4 -1 4 -1 8 -1 #SUP: 10 #SID: 0 1 2 3 4 5 6 7 8 9
4 -1 5 -1 5 -1 5 -1 5 -1 #SUP: 10 #SID: 0 1 2 3 4 5 6 7 8 9
6 -1 6 -1 6 -1 3 -1 3 -1 #SUP: 8 #SID: 0 1 2 3 4 5 8 9
8 -1 8 -1 8 -1 0 -1 0 -1 #SUP: 10 #SID: 0 1 2 3 4 5 6 7 8 9
0 -1 0 -1 3 -1 3 -1 18 -1 #SUP: 3 #SID: 3 7 9
5 -1 5 -1 5 -1 5 -1 4 -1 #SUP: 10 #SID: 0 1 2 3 4 5 6 7 8 9
4 -1 4 -1 4 -1 6 -1 6 -1 #SUP: 8 #SID: 0 1 2 4 5 6 8 9
6 -1 6 -1 4 -1 4 -1 4 -1 #SUP: 4 #SID: 1 4 5 8
2 -1 2 -1 2 -1 9 -1 9 -1 #SUP: 10 #SID: 0 1 2 3 4 5 6 7 8 9
3 -1 3 -1 3 -1 3 -1 12 -1 #SUP: 4 #SID: 1 2 3 5
3 -1 3 -1 6 -1 6 -1 6 -1 #SUP: 9 #SID: 0 1 2 3 4 5 6 7 8
10 -1 6 -1 6 -1 1 -1 1 -1 #SUP: 3 #SID: 0 6 8
12 -1 12 -1 0 -1 0 -1 0 -1 #SUP: 9 #SID: 0 1 2 3 4 5 6 7 8
0 -1 2 -1 2 -1 10 -1 10 -1 #SUP: 7 #SID: 0 2 3 4 5 6 9
0 -1 0 -1 8 -1 8 -1 8 -1 #SUP: 10 #SID: 0 1 2 3 4 5 6 7 8 9
2 -1 2 -1 2 -1 2 -1 16 -1 #SUP: 4 #SID: 1 2 3 4
0 -1 6 -1 6 -1 6 -1 6 -1 #SUP: 10 #SID: 0 1 2 3 4 5 6 7 8 9
0 -1 0 -1 0 -1 12 -1 12 -1 #SUP: 10 #SID: 0 1 2 3 4 5 6 7 8 9
9 -1 9 -1 2 -1 2 -1 2 -1 #SUP: 7 #SID: 0 1 2 3 4 5 9
6 -1 2 -1 2 -1 2 -1 11 -1 #SUP: 3 #SID: 1 7 8
7 -1 7 -1 3 -1 3 -1 3 -1 #SUP: 10 #SID: 0 1 2 3 4 5 6 7 8 9
10 -1 10 -1 1 -1 1 -1 1 -1 #SUP: 7 #SID: 0 2 4 5 6 7 8
5 -1 5 -1 5 -1 4 -1 4 -1 #SUP: 10 #SID: 0 1 2 3 4 5 6 7 8 9
4 -1 4 -1 5 -1 5 -1 5 -1 #SUP: 10 #SID: 0 1 2 3 4 5 6 7 8 9
0 -1 5 -1 5 -1 5 -1 8 -1 #SUP: 4 #SID: 1 3 4 5
7 -1 4 -1 4 -1 4 -1 4 -1 #SUP: 9 #SID: 0 1 2 3 4 5 6 8 9
1 -1 1 -1 1 -1 10 -1 10 -1 #SUP: 4 #SID: 2 5 6 8
11 -1 6 -1 6 -1 0 -1 0 -1 #SUP: 3 #SID: 1 5 8
7 -1 7 -1 7 -1 1 -1 1 -1 #SUP: 10 #SID: 0 1 2 3 4 5 6 7 8 9
1 -1 1 -1 7 -1 7 -1 7 -1 #SUP: 10 #SID: 0 1 2 3 4 5 6 7 8 9
7 -1 3 -1 3 -1 5 -1 5 -1 #SUP: 3 #SID: 3 7 8
3 -1 5 -1 5 -1 5 -1 5 -1 #SUP: 10 #SID: 0 1 2 3 4 5 6 7 8 9
10 -1 4 -1 4 -1 4 -1 1 -1 #SUP: 7 #SID: 1 3 4 5 6 7 8
0 -1 0 -1 0 -1 0 -1 23 -1 #SUP: 6 #SID: 0 1 3 4 5 9
5 -1 5 -1 5 -1 5 -1 3 -1 #SUP: 10 #SID: 0 1 2 3 4 5 6 7 8 9
3 -1 3 -1 3 -1 7 -1 7 -1 #SUP: 10 #SID: 0 1 2 3 4 5 6 7 8 9
4 -1 4 -1 4 -1 4 -1 7 -1 #SUP: 10 #SID: 0 1 2 3 4 5 6 7 8 9
13 -1 3 -1 3 -1 3 -1 0 -1 #SUP: 4 #SID: 3 4 5 7
9 -1 9 -1 1 -1 1 -1 2 -1 #SUP: 3 #SID: 0 2 3
6 -1 4 -1 4 -1 4 -1 4 -1 #SUP: 4 #SID: 1 4 5 8
4 -1 4 -1 4 -1 4 -1 6 -1 #SUP: 7 #SID: 0 1 2 4 5 6 8
4 -1 4 -1 4 -1 5 -1 5 -1 #SUP: 10 #SID: 0 1 2 3 4 5 6 7 8 9
5 -1 5 -1 5 -1 5 -1 2 -1 #SUP: 10 #SID: 0 1 2 3 4 5 6 7 8 9
2 -1 5 -1 5 -1 5 -1 5 -1 #SUP: 9 #SID: 0 1 2 3 4 5 6 7 8
0 -1 2 -1 2 -1 9 -1 9 -1 #SUP: 3 #SID: 3 4 5
10 -1 4 -1 4 -1 4 -1 0 -1 #SUP: 4 #SID: 0 4 5 7
0 -1 3 -1 3 -1 8 -1 8 -1 #SUP: 7 #SID: 0 1 4 6 7 8 9
0 -1 5 -1 5 -1 5 -1 7 -1 #SUP: 3 #SID: 4 5 7
8 -1 8 -1 2 -1 2 -1 2 -1 #SUP: 3 #SID: 4 5 7
5 -1 5 -1 4 -1 4 -1 4 -1 #SUP: 10 #SID: 0 1 2 3 4 5 6 7 8 9
14 -1 2 -1 2 -1 2 -1 2 -1 #SUP: 5 #SID: 0 1 2 3 7
2 -1 2 -1 2 -1 8 -1 8 -1 #SUP: 10 #SID: 0 1 2 3 4 5 6 7 8 9
6 -1 2 -1 2 -1 2 -1 10 -1 #SUP: 3 #SID: 6 8 9
12 -1 4 -1 4 -1 1 -1 1 -1 #SUP: 3 #SID: 0 2 5
6 -1 7 -1 7 -1 1 -1 1 -1 #SUP: 3 #SID: 2 4 9
6 -1 6 -1 6 -1 2 -1 2 -1 #SUP: 10 #SID: 0 1 2 3 4 5 6 7 8 9
11 -1 11 -1 0 -1 0 -1 0 -1 #SUP: 3 #SID: 1 2 3
2 -1 2 -1 2 -1 2 -1 14 -1 #SUP: 7 #SID: 1 2 3 4 5 7 9
10 -1 3 -1 3 -1 3 -1 3 -1 #SUP: 3 #SID: 2 3 4
0 -1 0 -1 0 -1 11 -1 11 -1 #SUP: 10 #SID: 0 1 2 3 4 5 6 7 8 9
2 -1 6 -1 6 -1 6 -1 2 -1 #SUP: 4 #SID: 0 3 4 5
2 -1 2 -1 6 -1 6 -1 6 -1 #SUP: 10 #SID: 0 1 2 3 4 5 6 7 8 9
5 -1 5 -1 5 -1 3 -1 3 -1 #SUP: 10 #SID: 0 1 2 3 4 5 6 7 8 9
3 -1 5 -1 5 -1 4 -1 4 -1 #SUP: 4 #SID: 1 3 4 5
8 -1 8 -1 0 -1 0 -1 5 -1 #SUP: 3 #SID: 0 2 5
5 -1 5 -1 4 -1 4 -1 3 -1 #SUP: 3 #SID: 0 5 9
0 -1 0 -1 7 -1 7 -1 7 -1 #SUP: 10 #SID: 0 1 2 3 4 5 6 7 8 9
1 -1 5 -1 5 -1 5 -1 5 -1 #SUP: 10 #SID: 0 1 2 3 4 5 6 7 8 9
7 -1 7 -1 7 -1 0 -1 0 -1 #SUP: 10 #SID: 0 1 2 3 4 5 6 7 8 9
17 -1 1 -1 1 -1 1 -1 1 -1 #SUP: 9 #SID: 0 1 2 3 4 5 6 8 9
5 -1 5 -1 5 -1 5 -1 1 -1 #SUP: 10 #SID: 0 1 2 3 4 5 6 7 8 9
2 -1 2 -1 2 -1 2 -1 13 -1 #SUP: 10 #SID: 0 1 2 3 4 5 6 7 8 9
3 -1 3 -1 5 -1 5 -1 5 -1 #SUP: 10 #SID: 0 1 2 3 4 5 6 7 8 9
3 -1 3 -1 3 -1 3 -1 9 -1 #SUP: 6 #SID: 0 1 3 4 5 7
6 -1 6 -1 3 -1 3 -1 3 -1 #SUP: 7 #SID: 0 2 3 4 5 8 9
4 -1 4 -1 4 -1 4 -1 5 -1 #SUP: 10 #SID: 0 1 2 3 4 5 6 7 8 9
9 -1 3 -1 3 -1 3 -1 3 -1 #SUP: 10 #SID: 0 1 2 3 4 5 6 7 8 9
3 -1 3 -1 3 -1 6 -1 6 -1 #SUP: 9 #SID: 0 1 2 3 4 5 6 7 8
5 -1 4 -1 4 -1 4 -1 4 -1 #SUP: 10 #SID: 0 1 2 3 4 5 6 7 8 9
1 -1 1 -1 1 -1 9 -1 9 -1 #SUP: 3 #SID: 0 5 7
9 -1 9 -1 1 -1 1 -1 1 -1 #SUP: 10 #SID: 0 1 2 3 4 5 6 7 8 9
0 -1 3 -1 3 -1 7 -1 7 -1 #SUP: 5 #SID: 1 2 4 6 7
2 -1 2 -1 2 -1 7 -1 7 -1 #SUP: 10 #SID: 0 1 2 3 4 5 6 7 8 9
2 -1 2 -1 8 -1 8 -1 0 -1 #SUP: 3 #SID: 0 2 3
0 -1 0 -1 0 -1 10 -1 10 -1 #SUP: 5 #SID: 1 4 7 8 9
9 -1 9 -1 1 -1 1 -1 0 -1 #SUP: 7 #SID: 0 1 3 4 6 7 9
4 -1 4 -1 4 -1 4 -1 4 -1 #SUP: 10 #SID: 0 1 2 3 4 5 6 7 8 9
0 -1 6 -1 6 -1 6 -1 2 -1 #SUP: 7 #SID: 0 2 4 5 7 8 9
2 -1 2 -1 2 -1 2 -1 12 -1 #SUP: 10 #SID: 0 1 2 3 4 5 6 7 8 9
8 -1 3 -1 3 -1 3 -1 3 -1 #SUP: 10 #SID: 0 1 2 3 4 5 6 7 8 9
1 -1 1 -1 6 -1 6 -1 6 -1 #SUP: 10 #SID: 0 1 2 3 4 5 6 7 8 9
7 -1 7 -1 2 -1 2 -1 2 -1 #SUP: 6 #SID: 0 3 4 5 6 7
10 -1 10 -1 0 -1 0 -1 0 -1 #SUP: 5 #SID: 1 4 5 6 9
0 -1 5 -1 5 -1 5 -1 5 -1 #SUP: 10 #SID: 0 1 2 3 4 5 6 7 8 9
12 -1 2 -1 2 -1 2 -1 2 -1 #SUP: 5 #SID: 2 4 6 7 9
10 -1 4 -1 4 -1 1 -1 1 -1 #SUP: 4 #SID: 0 4 5 8
3 -1 3 -1 5 -1 5 -1 4 -1 #SUP: 4 #SID: 1 3 4 5
5 -1 5 -1 5 -1 5 -1 0 -1 #SUP: 10 #SID: 0 1 2 3 4 5 6 7 8 9
3 -1 3 -1 3 -1 3 -1 8 -1 #SUP: 10 #SID: 0 1 2 3 4 5 6 7 8 9
6 -1 6 -1 6 -1 1 -1 1 -1 #SUP: 10 #SID: 0 1 2 3 4 5 6 7 8 9
4 -1 1 -1 1 -1 7 -1 7 -1 #SUP: 4 #SID: 1 4 5 6
4 -1 5 -1 5 -1 5 -1 1 -1 #SUP: 3 #SID: 0 3 5
17 -1 1 -1 1 -1 1 -1 0 -1 #SUP: 4 #SID: 0 6 8 9
3 -1 3 -1 0 -1 0 -1 14 -1 #SUP: 4 #SID: 1 5 6 9
0 -1 0 -1 0 -1 0 -1 19 -1 #SUP: 4 #SID: 2 3 4 5
2 -1 2 -1 2 -1 2 -1 11 -1 #SUP: 10 #SID: 0 1 2 3 4 5 6 7 8 9
3 -1 3 -1 3 -1 5 -1 5 -1 #SUP: 10 #SID: 0 1 2 3 4 5 6 7 8 9
5 -1 5 -1 4 -1 4 -1 1 -1 #SUP: 5 #SID: 1 3 5 7 8
8 -1 8 -1 1 -1 1 -1 1 -1 #SUP: 4 #SID: 0 2 3 7
5 -1 5 -1 5 -1 2 -1 2 -1 #SUP: 10 #SID: 0 1 2 3 4 5 6 7 8 9
1 -1 2 -1 2 -1 7 -1 7 -1 #SUP: 3 #SID: 0 6 7
3 -1 3 -1 3 -1 3 -1 7 -1 #SUP: 10 #SID: 0 1 2 3 4 5 6 7 8 9
5 -1 4 -1 4 -1 3 -1 3 -1 #SUP: 3 #SID: 0 5 9
0 -1 5 -1 5 -1 5 -1 4 -1 #SUP: 4 #SID: 0 1 3 7
7 -1 3 -1 3 -1 3 -1 3 -1 #SUP: 10 #SID: 0 1 2 3 4 5 6 7 8 9
0 -1 0 -1 5 -1 5 -1 9 -1 #SUP: 3 #SID: 4 5 6
3 -1 4 -1 4 -1 4 -1 4 -1 #SUP: 10 #SID: 0 1 2 3 4 5 6 7 8 9
1 -1 1 -1 1 -1 8 -1 8 -1 #SUP: 6 #SID: 0 4 5 6 7 8
7 -1 7 -1 1 -1 1 -1 3 -1 #SUP: 3 #SID: 5 6 7
5 -1 5 -1 3 -1 3 -1 3 -1 #SUP: 10 #SID: 0 1 2 3 4 5 6 7 8 9
2 -1 2 -1 5 -1 5 -1 5 -1 #SUP: 10 #SID: 0 1 2 3 4 5 6 7 8 9
3 -1 0 -1 0 -1 8 -1 8 -1 #SUP: 6 #SID: 0 1 3 4 5 9
4 -1 4 -1 4 -1 4 -1 3 -1 #SUP: 10 #SID: 0 1 2 3 4 5 6 7 8 9
4 -1 4 -1 4 -1 4 -1 2 -1 #SUP: 10 #SID: 0 1 2 3 4 5 6 7 8 9
6 -1 2 -1 2 -1 2 -1 6 -1 #SUP: 3 #SID: 3 4 8
1 -1 2 -1 2 -1 2 -1 11 -1 #SUP: 4 #SID: 1 4 6 9
6 -1 6 -1 6 -1 0 -1 0 -1 #SUP: 10 #SID: 0 1 2 3 4 5 6 7 8 9
2 -1 2 -1 2 -1 2 -1 10 -1 #SUP: 10 #SID: 0 1 2 3 4 5 6 7 8 9
0 -1 5 -1 5 -1 4 -1 4 -1 #SUP: 3 #SID: 0 4 9
2 -1 4 -1 4 -1 4 -1 4 -1 #SUP: 3 #SID: 3 4 5
2 -1 0 -1 0 -1 8 -1 8 -1 #SUP: 3 #SID: 3 5 9
2 -1 8 -1 8 -1 0 -1 0 -1 #SUP: 3 #SID: 0 2 3
0 -1 0 -1 5 -1 5 -1 8 -1 #SUP: 4 #SID: 0 3 4 5
0 -1 0 -1 6 -1 6 -1 6 -1 #SUP: 10 #SID: 0 1 2 3 4 5 6 7 8 9
1 -1 1 -1 1 -1 1 -1 14 -1 #SUP: 4 #SID: 5 7 8 9
18 -1 0 -1 0 -1 0 -1 0 -1 #SUP: 8 #SID: 0 2 3 4 5 7 8 9
0 -1 2 -1 2 -1 7 -1 7 -1 #SUP: 3 #SID: 0 1 6
0 -1 0 -1 0 -1 9 -1 9 -1 #SUP: 10 #SID: 0 1 2 3 4 5 6 7 8 9
9 -1 9 -1 0 -1 0 -1 0 -1 #SUP: 10 #SID: 0 1 2 3 4 5 6 7 8 9
7 -1 7 -1 1 -1 1 -1 2 -1 #SUP: 5 #SID: 0 4 5 7 8
8 -1 0 -1 0 -1 5 -1 5 -1 #SUP: 3 #SID: 0 2 5
3 -1 3 -1 4 -1 4 -1 4 -1 #SUP: 10 #SID: 0 1 2 3 4 5 6 7 8 9
6 -1 6 -1 2 -1 2 -1 2 -1 #SUP: 10 #SID: 0 1 2 3 4 5 6 7 8 9
1 -1 3 -1 3 -1 3 -1 8 -1 #SUP: 3 #SID: 1 5 7
0 -1 5 -1 5 -1 5 -1 3 -1 #SUP: 3 #SID: 0 2 7
13 -1 1 -1 1 -1 1 -1 2 -1 #SUP: 3 #SID: 1 6 9
3 -1 3 -1 3 -1 3 -1 6 -1 #SUP: 9 #SID: 0 1 2 3 4 5 6 7 8
4 -1 4 -1 4 -1 3 -1 3 -1 #SUP: 10 #SID: 0 1 2 3 4 5 6 7 8 9
0 -1 0 -1 0 -1 0 -1 18 -1 #SUP: 7 #SID: 0 2 4 5 6 7 9
2 -1 2 -1 2 -1 6 -1 6 -1 #SUP: 10 #SID: 0 1 2 3 4 5 6 7 8 9
6 -1 3 -1 3 -1 3 -1 3 -1 #SUP: 7 #SID: 0 2 3 4 5 8 9
10 -1 4 -1 4 -1 0 -1 0 -1 #SUP: 3 #SID: 3 5 8
1 -1 1 -1 1 -1 1 -1 13 -1 #SUP: 3 #SID: 0 4 8
5 -1 0 -1 0 -1 6 -1 6 -1 #SUP: 3 #SID: 1 3 5
3 -1 3 -1 3 -1 4 -1 4 -1 #SUP: 10 #SID: 0 1 2 3 4 5 6 7 8 9
1 -1 2 -1 2 -1 2 -1 10 -1 #SUP: 3 #SID: 2 7 8
4 -1 4 -1 3 -1 3 -1 3 -1 #SUP: 10 #SID: 0 1 2 3 4 5 6 7 8 9
3 -1 3 -1 3 -1 3 -1 5 -1 #SUP: 10 #SID: 0 1 2 3 4 5 6 7 8 9
1 -1 0 -1 0 -1 8 -1 8 -1 #SUP: 7 #SID: 0 1 3 4 5 8 9
4 -1 4 -1 4 -1 4 -1 1 -1 #SUP: 10 #SID: 0 1 2 3 4 5 6 7 8 9
5 -1 4 -1 4 -1 4 -1 0 -1 #SUP: 4 #SID: 0 1 3 4
1 -1 1 -1 5 -1 5 -1 5 -1 #SUP: 10 #SID: 0 1 2 3 4 5 6 7 8 9
1 -1 1 -1 2 -1 2 -1 11 -1 #SUP: 5 #SID: 0 3 7 8 9
5 -1 5 -1 5 -1 1 -1 1 -1 #SUP: 10 #SID: 0 1 2 3 4 5 6 7 8 9
9 -1 2 -1 2 -1 2 -1 2 -1 #SUP: 7 #SID: 0 1 2 3 4 5 9
1 -1 1 -1 1 -1 7 -1 7 -1 #SUP: 10 #SID: 0 1 2 3 4 5 6 7 8 9
7 -1 7 -1 1 -1 1 -1 1 -1 #SUP: 10 #SID: 0 1 2 3 4 5 6 7 8 9
13 -1 1 -1 1 -1 1 -1 1 -1 #SUP: 10 #SID: 0 1 2 3 4 5 6 7 8 9
5 -1 3 -1 3 -1 3 -1 3 -1 #SUP: 10 #SID: 0 1 2 3 4 5 6 7 8 9
4 -1 4 -1 1 -1 1 -1 7 -1 #SUP: 4 #SID: 1 4 5 6
6 -1 6 -1 2 -1 2 -1 1 -1 #SUP: 4 #SID: 1 3 4 6
7 -1 7 -1 0 -1 0 -1 3 -1 #SUP: 3 #SID: 3 4 9
17 -1 0 -1 0 -1 0 -1 0 -1 #SUP: 7 #SID: 0 4 5 6 7 8 9
1 -1 4 -1 4 -1 4 -1 4 -1 #SUP: 4 #SID: 1 5 6 9
0 -1 0 -1 0 -1 0 -1 17 -1 #SUP: 5 #SID: 0 6 7 8 9
8 -1 3 -1 3 -1 3 -1 0 -1 #SUP: 4 #SID: 1 4 5 9
2 -1 2 -1 2 -1 2 -1 9 -1 #SUP: 10 #SID: 0 1 2 3 4 5 6 7 8 9
0 -1 3 -1 3 -1 3 -1 8 -1 #SUP: 6 #SID: 1 4 5 7 8 9
0 -1 2 -1 2 -1 2 -1 11 -1 #SUP: 4 #SID: 3 4 5 7
5 -1 5 -1 3 -1 3 -1 0 -1 #SUP: 8 #SID: 0 2 4 5 6 7 8 9
0 -1 3 -1 3 -1 5 -1 5 -1 #SUP: 7 #SID: 0 1 3 5 6 7 8
3 -1 3 -1 3 -1 3 -1 4 -1 #SUP: 10 #SID: 0 1 2 3 4 5 6 7 8 9
2 -1 2 -1 2 -1 2 -1 8 -1 #SUP: 10 #SID: 0 1 2 3 4 5 6 7 8 9
0 -1 4 -1 4 -1 4 -1 4 -1 #SUP: 10 #SID: 0 1 2 3 4 5 6 7 8 9
4 -1 4 -1 4 -1 4 -1 0 -1 #SUP: 10 #SID: 0 1 2 3 4 5 6 7 8 9
0 -1 5 -1 5 -1 5 -1 1 -1 #SUP: 7 #SID: 0 1 2 4 5 6 7
12 -1 1 -1 1 -1 1 -1 1 -1 #SUP: 6 #SID: 0 3 4 5 7 8
4 -1 4 -1 4 -1 2 -1 2 -1 #SUP: 10 #SID: 0 1 2 3 4 5 6 7 8 9
0 -1 2 -1 2 -1 6 -1 6 -1 #SUP: 7 #SID: 0 2 4 6 7 8 9
0 -1 0 -1 0 -1 8 -1 8 -1 #SUP: 10 #SID: 0 1 2 3 4 5 6 7 8 9
1 -1 1 -1 1 -1 1 -1 12 -1 #SUP: 10 #SID: 0 1 2 3 4 5 6 7 8 9
14 -1 0 -1 0 -1 0 -1 2 -1 #SUP: 4 #SID: 0 2 4 8
1 -1 1 -1 2 -1 2 -1 10 -1 #SUP: 3 #SID: 0 1 3
2 -1 2 -1 4 -1 4 -1 4 -1 #SUP: 3 #SID: 3 4 5
0 -1 6 -1 6 -1 2 -1 2 -1 #SUP: 4 #SID: 2 5 6 9
16 -1 0 -1 0 -1 0 -1 0 -1 #SUP: 3 #SID: 2 4 5
7 -1 7 -1 1 -1 1 -1 0 -1 #SUP: 8 #SID: 0 1 3 4 5 6 7 9
4 -1 3 -1 3 -1 3 -1 3 -1 #SUP: 10 #SID: 0 1 2 3 4 5 6 7 8 9
2 -1 2 -1 2 -1 5 -1 5 -1 #SUP: 10 #SID: 0 1 2 3 4 5 6 7 8 9
5 -1 5 -1 2 -1 2 -1 2 -1 #SUP: 9 #SID: 0 1 3 4 5 6 7 8 9
8 -1 8 -1 0 -1 0 -1 0 -1 #SUP: 10 #SID: 0 1 2 3 4 5 6 7 8 9
2 -1 2 -1 6 -1 6 -1 0 -1 #SUP: 3 #SID: 0 2 4
8 -1 2 -1 2 -1 2 -1 2 -1 #SUP: 3 #SID: 4 5 7
7 -1 3 -1 3 -1 3 -1 0 -1 #SUP: 5 #SID: 2 3 4 5 7
3 -1 4 -1 4 -1 4 -1 1 -1 #SUP: 3 #SID: 4 5 9
0 -1 0 -1 2 -1 2 -1 12 -1 #SUP: 3 #SID: 3 5 6
0 -1 0 -1 0 -1 0 -1 16 -1 #SUP: 3 #SID: 5 7 9
0 -1 2 -1 2 -1 2 -1 10 -1 #SUP: 4 #SID: 0 5 6 8
0 -1 5 -1 5 -1 3 -1 3 -1 #SUP: 5 #SID: 1 2 4 6 7
0 -1 3 -1 3 -1 3 -1 7 -1 #SUP: 3 #SID: 0 3 4
5 -1 5 -1 0 -1 0 -1 6 -1 #SUP: 3 #SID: 1 3 5
1 -1 2 -1 2 -1 2 -1 9 -1 #SUP: 4 #SID: 0 4 5 7
6 -1 6 -1 2 -1 2 -1 0 -1 #SUP: 6 #SID: 0 2 3 4 8 9
3 -1 3 -1 4 -1 4 -1 1 -1 #SUP: 3 #SID: 7 8 9
1 -1 1 -1 1 -1 1 -1 11 -1 #SUP: 7 #SID: 0 1 2 3 4 5 7
1 -1 3 -1 3 -1 3 -1 5 -1 #SUP: 3 #SID: 2 4 6
9 -1 1 -1 1 -1 2 -1 2 -1 #SUP: 3 #SID: 0 2 3
11 -1 1 -1 1 -1 1 -1 1 -1 #SUP: 5 #SID: 1 2 4 5 6
3 -1 3 -1 3 -1 3 -1 3 -1 #SUP: 10 #SID: 0 1 2 3 4 5 6 7 8 9
0 -1 0 -1 2 -1 2 -1 11 -1 #SUP: 5 #SID: 1 3 5 8 9
5 -1 4 -1 4 -1 1 -1 1 -1 #SUP: 5 #SID: 1 3 5 7 8
3 -1 0 -1 0 -1 6 -1 6 -1 #SUP: 3 #SID: 1 5 8
0 -1 0 -1 5 -1 5 -1 5 -1 #SUP: 10 #SID: 0 1 2 3 4 5 6 7 8 9
1 -1 1 -1 1 -1 6 -1 6 -1 #SUP: 10 #SID: 0 1 2 3 4 5 6 7 8 9
5 -1 5 -1 5 -1 0 -1 0 -1 #SUP: 10 #SID: 0 1 2 3 4 5 6 7 8 9
0 -1 5 -1 5 -1 5 -1 0 -1 #SUP: 7 #SID: 1 2 4 5 6 7 8
7 -1 2 -1 2 -1 2 -1 2 -1 #SUP: 5 #SID: 0 3 4 5 6
0 -1 2 -1 2 -1 2 -1 9 -1 #SUP: 3 #SID: 0 5 6
2 -1 2 -1 2 -1 2 -1 7 -1 #SUP: 10 #SID: 0 1 2 3 4 5 6 7 8 9
7 -1 1 -1 1 -1 3 -1 3 -1 #SUP: 3 #SID: 5 6 7
6 -1 6 -1 1 -1 1 -1 1 -1 #SUP: 10 #SID: 0 1 2 3 4 5 6 7 8 9
13 -1 1 -1 1 -1 0 -1 0 -1 #SUP: 5 #SID: 0 2 3 5 8
14 -1 0 -1 0 -1 0 -1 0 -1 #SUP: 9 #SID: 0 1 2 3 4 5 7 8 9
7 -1 7 -1 0 -1 0 -1 0 -1 #SUP: 10 #SID: 0 1 2 3 4 5 6 7 8 9
2 -1 2 -1 2 -1 2 -1 6 -1 #SUP: 10 #SID: 0 1 2 3 4 5 6 7 8 9
1 -1 1 -1 4 -1 4 -1 4 -1 #SUP: 5 #SID: 1 4 5 6 9
4 -1 4 -1 2 -1 2 -1 2 -1 #SUP: 10 #SID: 0 1 2 3 4 5 6 7 8 9
0 -1 0 -1 0 -1 7 -1 7 -1 #SUP: 10 #SID: 0 1 2 3 4 5 6 7 8 9
2 -1 3 -1 3 -1 3 -1 3 -1 #SUP: 4 #SID: 2 3 5 8
3 -1 3 -1 3 -1 3 -1 2 -1 #SUP: 5 #SID: 3 4 5 7 8
0 -1 0 -1 2 -1 2 -1 10 -1 #SUP: 7 #SID: 0 2 3 4 5 6 9
2 -1 6 -1 6 -1 0 -1 0 -1 #SUP: 3 #SID: 0 2 4
0 -1 0 -1 6 -1 6 -1 2 -1 #SUP: 4 #SID: 2 5 6 9
6 -1 6 -1 1 -1 1 -1 0 -1 #SUP: 4 #SID: 4 5 6 8
0 -1 3 -1 3 -1 3 -1 5 -1 #SUP: 3 #SID: 0 3 4
3 -1 3 -1 0 -1 0 -1 8 -1 #SUP: 6 #SID: 0 1 3 4 5 9
0 -1 0 -1 5 -1 5 -1 4 -1 #SUP: 3 #SID: 0 4 9
4 -1 4 -1 4 -1 1 -1 1 -1 #SUP: 10 #SID: 0 1 2 3 4 5 6 7 8 9
0 -1 0 -1 3 -1 3 -1 8 -1 #SUP: 7 #SID: 0 1 4 6 7 8 9
0 -1 0 -1 0 -1 0 -1 14 -1 #SUP: 10 #SID: 0 1 2 3 4 5 6 7 8 9
0 -1 2 -1 2 -1 2 -1 8 -1 #SUP: 3 #SID: 0 2 8
6 -1 6 -1 0 -1 0 -1 2 -1 #SUP: 3 #SID: 0 5 7
5 -1 3 -1 3 -1 3 -1 0 -1 #SUP: 4 #SID: 2 3 4 6
2 -1 2 -1 2 -1 4 -1 4 -1 #SUP: 3 #SID: 3 4 5
10 -1 1 -1 1 -1 1 -1 1 -1 #SUP: 5 #SID: 0 4 5 6 7
6 -1 2 -1 2 -1 2 -1 2 -1 #SUP: 10 #SID: 0 1 2 3 4 5 6 7 8 9
1 -1 1 -1 1 -1 1 -1 10 -1 #SUP: 4 #SID: 2 5 6 8
9 -1 1 -1 1 -1 1 -1 2 -1 #SUP: 3 #SID: 1 4 5
4 -1 4 -1 3 -1 3 -1 0 -1 #SUP: 3 #SID: 1 4 6
3 -1 4 -1 4 -1 1 -1 1 -1 #SUP: 3 #SID: 7 8 9
13 -1 0 -1 0 -1 0 -1 0 -1 #SUP: 8 #SID: 0 1 2 3 4 5 6 7
9 -1 1 -1 1 -1 1 -1 1 -1 #SUP: 10 #SID: 0 1 2 3 4 5 6 7 8 9
1 -1 1 -1 2 -1 2 -1 7 -1 #SUP: 3 #SID: 0 6 7
4 -1 4 -1 1 -1 1 -1 3 -1 #SUP: 5 #SID: 0 2 4 5 9
3 -1 3 -1 3 -1 3 -1 1 -1 #SUP: 10 #SID: 0 1 2 3 4 5 6 7 8 9
1 -1 0 -1 0 -1 6 -1 6 -1 #SUP: 5 #SID: 0 4 5 8 9
4 -1 3 -1 3 -1 3 -1 0 -1 #SUP: 5 #SID: 0 2 3 4 5
5 -1 2 -1 2 -1 2 -1 2 -1 #SUP: 9 #SID: 0 1 3 4 5 6 7 8 9
1 -1 1 -1 1 -1 1 -1 9 -1 #SUP: 3 #SID: 0 5 7
1 -1 1 -1 1 -1 5 -1 5 -1 #SUP: 10 #SID: 0 1 2 3 4 5 6 7 8 9
7 -1 0 -1 0 -1 3 -1 3 -1 #SUP: 3 #SID: 3 4 9
0 -1 0 -1 2 -1 2 -1 9 -1 #SUP: 3 #SID: 3 4 5
2 -1 2 -1 3 -1 3 -1 3 -1 #SUP: 4 #SID: 2 3 5 8
1 -1 2 -1 2 -1 2 -1 6 -1 #SUP: 3 #SID: 0 1 5
7 -1 1 -1 1 -1 2 -1 2 -1 #SUP: 5 #SID: 0 4 5 7 8
2 -1 2 -1 2 -1 2 -1 5 -1 #SUP: 10 #SID: 0 1 2 3 4 5 6 7 8 9
0 -1 0 -1 3 -1 3 -1 7 -1 #SUP: 5 #SID: 1 2 4 6 7
0 -1 0 -1 0 -1 0 -1 13 -1 #SUP: 9 #SID: 0 2 3 4 5 6 7 8 9
5 -1 5 -1 1 -1 1 -1 1 -1 #SUP: 10 #SID: 0 1 2 3 4 5 6 7 8 9
1 -1 3 -1 3 -1 3 -1 3 -1 #SUP: 10 #SID: 0 1 2 3 4 5 6 7 8 9
0 -1 4 -1 4 -1 4 -1 1 -1 #SUP: 3 #SID: 6 8 9
0 -1 0 -1 5 -1 5 -1 3 -1 #SUP: 5 #SID: 1 2 4 6 7
3 -1 3 -1 3 -1 2 -1 2 -1 #SUP: 6 #SID: 3 4 5 6 7 8
5 -1 5 -1 0 -1 0 -1 3 -1 #SUP: 3 #SID: 4 6 8
6 -1 2 -1 2 -1 2 -1 0 -1 #SUP: 6 #SID: 0 1 2 4 5 9
6 -1 6 -1 0 -1 0 -1 0 -1 #SUP: 10 #SID: 0 1 2 3 4 5 6 7 8 9
6 -1 2 -1 2 -1 1 -1 1 -1 #SUP: 4 #SID: 1 3 4 6
2 -1 2 -1 2 -1 2 -1 4 -1 #SUP: 3 #SID: 3 4 5
4 -1 1 -1 1 -1 3 -1 3 -1 #SUP: 5 #SID: 0 2 4 5 9
8 -1 1 -1 1 -1 1 -1 1 -1 #SUP: 4 #SID: 0 2 3 7
1 -1 1 -1 1 -1 1 -1 8 -1 #SUP: 6 #SID: 0 4 5 6 7 8
2 -1 2 -1 0 -1 0 -1 8 -1 #SUP: 3 #SID: 3 5 9
0 -1 0 -1 4 -1 4 -1 4 -1 #SUP: 10 #SID: 0 1 2 3 4 5 6 7 8 9
3 -1 3 -1 3 -1 3 -1 0 -1 #SUP: 10 #SID: 0 1 2 3 4 5 6 7 8 9
0 -1 3 -1 3 -1 3 -1 3 -1 #SUP: 10 #SID: 0 1 2 3 4 5 6 7 8 9
4 -1 2 -1 2 -1 2 -1 2 -1 #SUP: 10 #SID: 0 1 2 3 4 5 6 7 8 9
5 -1 5 -1 0 -1 0 -1 2 -1 #SUP: 3 #SID: 0 3 4
0 -1 0 -1 0 -1 6 -1 6 -1 #SUP: 10 #SID: 0 1 2 3 4 5 6 7 8 9
12 -1 0 -1 0 -1 0 -1 0 -1 #SUP: 9 #SID: 0 1 2 3 4 5 6 7 8
0 -1 5 -1 5 -1 1 -1 1 -1 #SUP: 4 #SID: 0 1 5 7
3 -1 3 -1 2 -1 2 -1 2 -1 #SUP: 7 #SID: 1 3 4 5 6 7 8
7 -1 1 -1 1 -1 1 -1 2 -1 #SUP: 5 #SID: 0 1 3 6 9
0 -1 2 -1 2 -1 2 -1 6 -1 #SUP: 4 #SID: 0 4 6 9
4 -1 4 -1 1 -1 1 -1 2 -1 #SUP: 4 #SID: 1 3 4 7
4 -1 4 -1 4 -1 0 -1 0 -1 #SUP: 10 #SID: 0 1 2 3 4 5 6 7 8 9
0 -1 0 -1 0 -1 0 -1 12 -1 #SUP: 10 #SID: 0 1 2 3 4 5 6 7 8 9
3 -1 3 -1 0 -1 0 -1 6 -1 #SUP: 3 #SID: 1 5 8
2 -1 2 -1 2 -1 3 -1 3 -1 #SUP: 4 #SID: 2 3 5 8
5 -1 5 -1 1 -1 1 -1 0 -1 #SUP: 3 #SID: 3 4 6
9 -1 1 -1 1 -1 1 -1 0 -1 #SUP: 6 #SID: 0 1 3 4 5 9
4 -1 4 -1 1 -1 1 -1 1 -1 #SUP: 10 #SID: 0 1 2 3 4 5 6 7 8 9
1 -1 1 -1 3 -1 3 -1 3 -1 #SUP: 10 #SID: 0 1 2 3 4 5 6 7 8 9
5 -1 3 -1 3 -1 0 -1 0 -1 #SUP: 8 #SID: 0 2 4 5 6 7 8 9
5 -1 0 -1 0 -1 3 -1 3 -1 #SUP: 3 #SID: 4 6 8
6 -1 1 -1 1 -1 1 -1 2 -1 #SUP: 3 #SID: 1 4 6
0 -1 0 -1 3 -1 3 -1 5 -1 #SUP: 7 #SID: 0 1 3 5 6 7 8
3 -1 3 -1 3 -1 1 -1 1 -1 #SUP: 10 #SID: 0 1 2 3 4 5 6 7 8 9
1 -1 1 -1 1 -1 4 -1 4 -1 #SUP: 5 #SID: 1 4 5 6 9
1 -1 0 -1 0 -1 5 -1 5 -1 #SUP: 6 #SID: 0 1 3 4 5 6
3 -1 0 -1 0 -1 0 -1 8 -1 #SUP: 4 #SID: 2 4 8 9
3 -1 2 -1 2 -1 2 -1 2 -1 #SUP: 7 #SID: 1 3 4 5 6 7 8
0 -1 0 -1 2 -1 2 -1 7 -1 #SUP: 3 #SID: 0 1 6
0 -1 0 -1 0 -1 0 -1 11 -1 #SUP: 10 #SID: 0 1 2 3 4 5 6 7 8 9
2 -1 2 -1 2 -1 2 -1 3 -1 #SUP: 4 #SID: 2 3 5 8
11 -1 0 -1 0 -1 0 -1 0 -1 #SUP: 3 #SID: 1 2 3
0 -1 0 -1 5 -1 5 -1 1 -1 #SUP: 4 #SID: 0 1 5 7
7 -1 1 -1 1 -1 1 -1 1 -1 #SUP: 10 #SID: 0 1 2 3 4 5 6 7 8 9
1 -1 1 -1 1 -1 1 -1 7 -1 #SUP: 10 #SID: 0 1 2 3 4 5 6 7 8 9
9 -1 1 -1 1 -1 0 -1 0 -1 #SUP: 7 #SID: 0 1 3 4 6 7 9
0 -1 1 -1 1 -1 1 -1 7 -1 #SUP: 4 #SID: 0 5 6 8
2 -1 2 -1 2 -1 2 -1 2 -1 #SUP: 10 #SID: 0 1 2 3 4 5 6 7 8 9
6 -1 2 -1 2 -1 0 -1 0 -1 #SUP: 6 #SID: 0 2 3 4 8 9
10 -1 0 -1 0 -1 0 -1 0 -1 #SUP: 5 #SID: 1 4 5 6 9
6 -1 0 -1 0 -1 2 -1 2 -1 #SUP: 3 #SID: 0 5 7
0 -1 0 -1 2 -1 2 -1 6 -1 #SUP: 7 #SID: 0 2 4 6 7 8 9
5 -1 5 -1 0 -1 0 -1 0 -1 #SUP: 10 #SID: 0 1 2 3 4 5 6 7 8 9
1 -1 3 -1 3 -1 3 -1 0 -1 #SUP: 5 #SID: 0 1 3 5 7
4 -1 1 -1 1 -1 2 -1 2 -1 #SUP: 4 #SID: 1 3 4 7
4 -1 4 -1 1 -1 1 -1 0 -1 #SUP: 7 #SID: 0 3 4 5 6 8 9
7 -1 1 -1 1 -1 1 -1 0 -1 #SUP: 8 #SID: 0 2 3 4 5 6 7 8
1 -1 1 -1 0 -1 0 -1 8 -1 #SUP: 7 #SID: 0 1 3 4 5 8 9
3 -1 3 -1 1 -1 1 -1 2 -1 #SUP: 3 #SID: 3 8 9
8 -1 0 -1 0 -1 0 -1 2 -1 #SUP: 4 #SID: 0 1 5 9
4 -1 0 -1 0 -1 0 -1 6 -1 #SUP: 3 #SID: 3 5 6
4 -1 3 -1 3 -1 0 -1 0 -1 #SUP: 3 #SID: 1 4 6
7 -1 0 -1 0 -1 0 -1 3 -1 #SUP: 3 #SID: 2 5 6
0 -1 0 -1 0 -1 0 -1 10 -1 #SUP: 5 #SID: 1 4 7 8 9
6 -1 1 -1 1 -1 1 -1 1 -1 #SUP: 10 #SID: 0 1 2 3 4 5 6 7 8 9
1 -1 1 -1 1 -1 1 -1 6 -1 #SUP: 10 #SID: 0 1 2 3 4 5 6 7 8 9
0 -1 0 -1 0 -1 5 -1 5 -1 #SUP: 10 #SID: 0 1 2 3 4 5 6 7 8 9
4 -1 1 -1 1 -1 1 -1 2 -1 #SUP: 4 #SID: 0 2 3 5
0 -1 3 -1 3 -1 3 -1 0 -1 #SUP: 8 #SID: 0 1 3 4 5 6 8 9
1 -1 2 -1 2 -1 2 -1 2 -1 #SUP: 10 #SID: 0 1 2 3 4 5 6 7 8 9
7 -1 1 -1 1 -1 0 -1 0 -1 #SUP: 8 #SID: 0 1 3 4 5 6 7 9
0 -1 0 -1 0 -1 0 -1 9 -1 #SUP: 10 #SID: 0 1 2 3 4 5 6 7 8 9
5 -1 0 -1 0 -1 2 -1 2 -1 #SUP: 3 #SID: 0 3 4
8 -1 0 -1 0 -1 0 -1 1 -1 #SUP: 3 #SID: 3 5 9
0 -1 0 -1 3 -1 3 -1 3 -1 #SUP: 10 #SID: 0 1 2 3 4 5 6 7 8 9
5 -1 1 -1 1 -1 1 -1 1 -1 #SUP: 10 #SID: 0 1 2 3 4 5 6 7 8 9
3 -1 3 -1 1 -1 1 -1 1 -1 #SUP: 10 #SID: 0 1 2 3 4 5 6 7 8 9
1 -1 0 -1 0 -1 0 -1 8 -1 #SUP: 5 #SID: 0 1 4 5 8
3 -1 3 -1 3 -1 0 -1 0 -1 #SUP: 10 #SID: 0 1 2 3 4 5 6 7 8 9
2 -1 2 -1 2 -1 2 -1 1 -1 #SUP: 10 #SID: 0 1 2 3 4 5 6 7 8 9
1 -1 1 -1 1 -1 1 -1 5 -1 #SUP: 10 #SID: 0 1 2 3 4 5 6 7 8 9
4 -1 0 -1 0 -1 0 -1 5 -1 #SUP: 4 #SID: 0 5 6 8
3 -1 1 -1 1 -1 2 -1 2 -1 #SUP: 3 #SID: 3 8 9
9 -1 0 -1 0 -1 0 -1 0 -1 #SUP: 10 #SID: 0 1 2 3 4 5 6 7 8 9
3 -1 0 -1 0 -1 0 -1 6 -1 #SUP: 4 #SID: 0 1 6 8
6 -1 1 -1 1 -1 1 -1 0 -1 #SUP: 6 #SID: 0 1 4 5 6 7
1 -1 1 -1 1 -1 3 -1 3 -1 #SUP: 10 #SID: 0 1 2 3 4 5 6 7 8 9
1 -1 1 -1 1 -1 1 -1 4 -1 #SUP: 5 #SID: 1 4 5 6 9
8 -1 0 -1 0 -1 0 -1 0 -1 #SUP: 10 #SID: 0 1 2 3 4 5 6 7 8 9
0 -1 2 -1 2 -1 2 -1 2 -1 #SUP: 10 #SID: 0 1 2 3 4 5 6 7 8 9
2 -1 0 -1 0 -1 3 -1 3 -1 #SUP: 4 #SID: 1 4 5 6
4 -1 4 -1 0 -1 0 -1 0 -1 #SUP: 10 #SID: 0 1 2 3 4 5 6 7 8 9
0 -1 0 -1 0 -1 0 -1 8 -1 #SUP: 10 #SID: 0 1 2 3 4 5 6 7 8 9
0 -1 0 -1 0 -1 4 -1 4 -1 #SUP: 10 #SID: 0 1 2 3 4 5 6 7 8 9
1 -1 1 -1 3 -1 3 -1 0 -1 #SUP: 5 #SID: 0 6 7 8 9
2 -1 2 -1 2 -1 1 -1 1 -1 #SUP: 10 #SID: 0 1 2 3 4 5 6 7 8 9
1 -1 1 -1 2 -1 2 -1 2 -1 #SUP: 10 #SID: 0 1 2 3 4 5 6 7 8 9
4 -1 1 -1 1 -1 1 -1 1 -1 #SUP: 10 #SID: 0 1 2 3 4 5 6 7 8 9
5 -1 0 -1 0 -1 0 -1 3 -1 #SUP: 4 #SID: 0 3 6 9
1 -1 1 -1 0 -1 0 -1 6 -1 #SUP: 5 #SID: 0 4 5 8 9
6 -1 1 -1 1 -1 0 -1 0 -1 #SUP: 4 #SID: 4 5 6 8
3 -1 3 -1 0 -1 0 -1 2 -1 #SUP: 5 #SID: 0 2 4 5 9
2 -1 2 -1 2 -1 2 -1 0 -1 #SUP: 10 #SID: 0 1 2 3 4 5 6 7 8 9
1 -1 2 -1 2 -1 2 -1 1 -1 #SUP: 6 #SID: 4 5 6 7 8 9
4 -1 0 -1 0 -1 0 -1 3 -1 #SUP: 3 #SID: 1 5 9
1 -1 0 -1 0 -1 3 -1 3 -1 #SUP: 7 #SID: 0 1 2 3 4 6 8
3 -1 1 -1 1 -1 1 -1 1 -1 #SUP: 10 #SID: 0 1 2 3 4 5 6 7 8 9
3 -1 3 -1 0 -1 0 -1 1 -1 #SUP: 5 #SID: 1 4 5 6 7
1 -1 2 -1 2 -1 2 -1 0 -1 #SUP: 6 #SID: 0 2 3 4 5 7
1 -1 1 -1 1 -1 2 -1 2 -1 #SUP: 10 #SID: 0 1 2 3 4 5 6 7 8 9
3 -1 0 -1 0 -1 2 -1 2 -1 #SUP: 5 #SID: 0 2 4 5 9
1 -1 1 -1 1 -1 1 -1 3 -1 #SUP: 10 #SID: 0 1 2 3 4 5 6 7 8 9
1 -1 3 -1 3 -1 0 -1 0 -1 #SUP: 5 #SID: 0 6 7 8 9
0 -1 2 -1 2 -1 2 -1 1 -1 #SUP: 5 #SID: 1 3 5 8 9
7 -1 0 -1 0 -1 0 -1 0 -1 #SUP: 10 #SID: 0 1 2 3 4 5 6 7 8 9
4 -1 1 -1 1 -1 1 -1 0 -1 #SUP: 8 #SID: 0 1 3 4 5 6 7 8
5 -1 1 -1 1 -1 0 -1 0 -1 #SUP: 3 #SID: 3 4 6
2 -1 2 -1 0 -1 0 -1 3 -1 #SUP: 4 #SID: 1 4 5 6
2 -1 2 -1 1 -1 1 -1 1 -1 #SUP: 10 #SID: 0 1 2 3 4 5 6 7 8 9
1 -1 1 -1 0 -1 0 -1 5 -1 #SUP: 6 #SID: 0 1 3 4 5 6
2 -1 1 -1 1 -1 1 -1 2 -1 #SUP: 3 #SID: 3 4 8
0 -1 0 -1 0 -1 0 -1 7 -1 #SUP: 10 #SID: 0 1 2 3 4 5 6 7 8 9
2 -1 1 -1 1 -1 1 -1 1 -1 #SUP: 10 #SID: 0 1 2 3 4 5 6 7 8 9
1 -1 1 -1 2 -1 2 -1 0 -1 #SUP: 6 #SID: 2 3 4 5 7 9
0 -1 0 -1 0 -1 0 -1 6 -1 #SUP: 10 #SID: 0 1 2 3 4 5 6 7 8 9
3 -1 3 -1 0 -1 0 -1 0 -1 #SUP: 10 #SID: 0 1 2 3 4 5 6 7 8 9
2 -1 2 -1 1 -1 1 -1 0 -1 #SUP: 8 #SID: 0 2 3 4 5 7 8 9
3 -1 0 -1 0 -1 0 -1 3 -1 #SUP: 6 #SID: 1 2 3 6 7 8
0 -1 0 -1 2 -1 2 -1 2 -1 #SUP: 10 #SID: 0 1 2 3 4 5 6 7 8 9
1 -1 1 -1 1 -1 1 -1 2 -1 #SUP: 10 #SID: 0 1 2 3 4 5 6 7 8 9
0 -1 2 -1 2 -1 1 -1 1 -1 #SUP: 8 #SID: 0 1 4 5 6 7 8 9
4 -1 1 -1 1 -1 0 -1 0 -1 #SUP: 7 #SID: 0 3 4 5 6 8 9
0 -1 0 -1 0 -1 3 -1 3 -1 #SUP: 10 #SID: 0 1 2 3 4 5 6 7 8 9
6 -1 0 -1 0 -1 0 -1 0 -1 #SUP: 10 #SID: 0 1 2 3 4 5 6 7 8 9
2 -1 2 -1 2 -1 0 -1 0 -1 #SUP: 10 #SID: 0 1 2 3 4 5 6 7 8 9
0 -1 1 -1 1 -1 2 -1 2 -1 #SUP: 4 #SID: 2 4 5 6
1 -1 0 -1 0 -1 0 -1 5 -1 #SUP: 9 #SID: 0 1 3 4 5 6 7 8 9
0 -1 2 -1 2 -1 2 -1 0 -1 #SUP: 8 #SID: 0 1 2 4 5 7 8 9
5 -1 0 -1 0 -1 0 -1 1 -1 #SUP: 3 #SID: 0 2 5
2 -1 1 -1 1 -1 1 -1 0 -1 #SUP: 6 #SID: 0 2 4 5 7 8
3 -1 0 -1 0 -1 1 -1 1 -1 #SUP: 5 #SID: 1 4 5 6 7
3 -1 0 -1 0 -1 0 -1 2 -1 #SUP: 5 #SID: 0 1 2 5 6
1 -1 0 -1 0 -1 2 -1 2 -1 #SUP: 7 #SID: 0 2 4 5 6 7 8
1 -1 1 -1 1 -1 1 -1 1 -1 #SUP: 10 #SID: 0 1 2 3 4 5 6 7 8 9
1 -1 1 -1 0 -1 0 -1 3 -1 #SUP: 7 #SID: 0 1 2 3 4 6 8
5 -1 0 -1 0 -1 0 -1 0 -1 #SUP: 10 #SID: 0 1 2 3 4 5 6 7 8 9
0 -1 0 -1 0 -1 0 -1 5 -1 #SUP: 10 #SID: 0 1 2 3 4 5 6 7 8 9
0 -1 0 -1 2 -1 2 -1 1 -1 #SUP: 8 #SID: 0 1 4 5 6 7 8 9
1 -1 2 -1 2 -1 0 -1 0 -1 #SUP: 6 #SID: 2 3 4 5 7 9
0 -1 1 -1 1 -1 1 -1 2 -1 #SUP: 7 #SID: 0 3 4 5 6 7 8
1 -1 1 -1 1 -1 1 -1 0 -1 #SUP: 10 #SID: 0 1 2 3 4 5 6 7 8 9
1 -1 1 -1 0 -1 0 -1 2 -1 #SUP: 7 #SID: 0 2 4 5 6 7 8
2 -1 0 -1 0 -1 0 -1 2 -1 #SUP: 3 #SID: 4 5 9
2 -1 2 -1 0 -1 0 -1 0 -1 #SUP: 10 #SID: 0 1 2 3 4 5 6 7 8 9
2 -1 1 -1 1 -1 0 -1 0 -1 #SUP: 8 #SID: 0 2 3 4 5 7 8 9
0 -1 0 -1 0 -1 2 -1 2 -1 #SUP: 10 #SID: 0 1 2 3 4 5 6 7 8 9
3 -1 0 -1 0 -1 0 -1 1 -1 #SUP: 6 #SID: 2 3 4 5 7 9
4 -1 0 -1 0 -1 0 -1 0 -1 #SUP: 10 #SID: 0 1 2 3 4 5 6 7 8 9
0 -1 0 -1 0 -1 0 -1 4 -1 #SUP: 10 #SID: 0 1 2 3 4 5 6 7 8 9
0 -1 1 -1 1 -1 1 -1 1 -1 #SUP: 10 #SID: 0 1 2 3 4 5 6 7 8 9
0 -1 0 -1 1 -1 1 -1 2 -1 #SUP: 4 #SID: 2 4 5 6
1 -1 0 -1 0 -1 0 -1 3 -1 #SUP: 10 #SID: 0 1 2 3 4 5 6 7 8 9
1 -1 1 -1 1 -1 0 -1 0 -1 #SUP: 10 #SID: 0 1 2 3 4 5 6 7 8 9
0 -1 1 -1 1 -1 1 -1 0 -1 #SUP: 9 #SID: 1 2 3 4 5 6 7 8 9
3 -1 0 -1 0 -1 0 -1 0 -1 #SUP: 10 #SID: 0 1 2 3 4 5 6 7 8 9
0 -1 0 -1 0 -1 0 -1 3 -1 #SUP: 10 #SID: 0 1 2 3 4 5 6 7 8 9
1 -1 0 -1 0 -1 0 -1 2 -1 #SUP: 9 #SID: 0 2 3 4 5 6 7 8 9
0 -1 0 -1 1 -1 1 -1 1 -1 #SUP: 10 #SID: 0 1 2 3 4 5 6 7 8 9
1 -1 0 -1 0 -1 0 -1 1 -1 #SUP: 8 #SID: 0 1 2 4 6 7 8 9
1 -1 1 -1 0 -1 0 -1 0 -1 #SUP: 10 #SID: 0 1 2 3 4 5 6 7 8 9
2 -1 0 -1 0 -1 0 -1 0 -1 #SUP: 10 #SID: 0 1 2 3 4 5 6 7 8 9
0 -1 0 -1 0 -1 0 -1 2 -1 #SUP: 10 #SID: 0 1 2 3 4 5 6 7 8 9
0 -1 0 -1 0 -1 1 -1 1 -1 #SUP: 10 #SID: 0 1 2 3 4 5 6 7 8 9
0 -1 0 -1 0 -1 0 -1 1 -1 #SUP: 10 #SID: 0 1 2 3 4 5 6 7 8 9
1 -1 0 -1 0 -1 0 -1 0 -1 #SUP: 10 #SID: 0 1 2 3 4 5 6 7 8 9
0 -1 0 -1 0 -1 0 -1 0 -1 #SUP: 10 #SID: 0 1 2 3 4 5 6 7 8 9
